1059033.558
1505890.915
1058987.988
1260616.807
630943.4893
1068138.074
1502055.817
1573936.564
798869.5328
1545154.813
1707045.722
663732.3969
1042814.098
1291331.518
1402818.21
1306674.66
1556786.6
528485.2467
1019425.937
1030591.429
2146925.34
929247.5995
718887.2315
743999.8192
895737.1334
1453974.506
1125692.507
975429.4928
1240763.766
1577017.76
1246830.188
1170720.894
1071279.21
534305.1323
936368.9634
1199193.831
1233220.009
1081150.125
524712.7661
302355.836
1026817.4
1762214.68
882057.1706
1744932.211
1153871.47
1499988.88
1109588.38
980177.3051
1323952.027
1662494.736
1417819.74
549976.1456
1054770.981
1415647.553
948788.2757
1159596.519
1547133.396
1186688.506
772111.9721
1172730.156
1111085.017
1022781.171
1274474.546
1213530.85
1411730.477
858685.5659
1200961.821
1520234.229
1360908.32
1360920.53
1146532.455
1789098.521
852099.464
746096.7289
1534479.907
1215608.531
941594.3284
1204598.037
1597655.258
1492011.496
1421216.504
1132522.901
1102821.438
1856211.35
1687998.933
1063423.007
1177289.886
1173474.379
1637259.999
1238938.291
201898.0866
1439506.102
585608.6326
1294685.159
2014851.344
1840236.006
1441421.913
1498640.551
954746.5764
1124635.932
1169944.248
1114430.953
1783534.839
1302933.248
1241483.612
954114.544
1555320.5
404976.3659
1073183.76
1422195.879
340605.2113
1170959.526
942838.1647
1401613.92
1175504.486
608794.2467
946943.0362
1819900.637
1463130.273
1252391.18
1714445.175
1291759.393
1809154.289
1200539.361
1300265.21
997448.7281
2152959.409
1629983.847
497579.4466
890112.5493
1064685.699
1530124.016
1246246.828
1240754.932
1760734.69
1393746.76
1172385.898
483986.109
1388530.157
1721739.384
1276448.792
1161742.677
786407.9451
1604920.973
1230149.137
1051644.554
1415073.614
1043483.915
1544379.748
1352135.967
1505727.431
1416965.979
1046721.976
939040.0036
1383031.332
1072503.238
1134397.758
734827.508
991892.3175
1057252.583
1237224.859
1442632.541
1877402.32
1394518.415
953939.3299
1219778.034
1287325.382
1739893.555
1213382.223
1007478.748
1528756.126
1182459.772
1474546.762
1078016.94
1453381.624
1495012.965
714148.4148
894292.0474
1159841.831
1195986.299
1381430.63
1534889.853
1494125.33
1356146.261
1454943.074
774118.1878
889113.2389
1211102.211
658646.1847
1400104.871
1262017.792
553077.2126
1203247.89
1115323.015
1301881.417
1006687.387
749383.0726
1075596.587
739870.7936
1442945.145
828497.0671
1373290.861
925566.3313
1552536.764
1335904.501
960808.2911
1405933.019
619087.6936
1329273.228
1261843.844
1175781.418
1437053.557
1594415.226
931357.9954
798639.6542
1451739.625
1278991.689
885920.5532
1425632.542
901881.7427
1521730.791
716771.0057
1696717.107
819598.0078
1584213.957
798892.515
601973.0017
1456486.293
1702406.039
1566471.008
1592210.176
937628.3467
1558547.578
1156329.274
1514349.692
1039107.326
809089.6719
675536.3915
1373589.804
1690091.019
1253370.149
774073.5619
1741959.834
1705762.788
1071109.917
1118047.991
1165253.033
1280910.19
841122.8824
1228810.745
1086072.071
1204372.295
1345004.12
1116902.345
822431.7303
1360623.694
2298379.487
1400498.268
566848.7321
1367586.278
1113373.52
721974.5515
685503.9903
152071.8747
1280431.574
568703.1838
1200764.844
1607161.637
1421715.415
311111.2006
1338044.383
1417870.983
796389.438
1310207.133
994897.7278
1202987.829
768751.9005
1211655.305
1540418.222
712228.4243
1525533.407
1034218.402
874103.6606
1912825.285
1754770.59
1340066.913
1446756.863
1592768.242
660364.9813
861321.5807
1648246.774
977135.8857
1591934.19
695386.331
568977.0728
935590.8043
984311.7745
1796245.808
720080.2321
783808.4025
1598615.974
1564125.238
929480.6299
1414495.343
837668.1026
1197515.454
1232004.83
1285933.408
1361521.983
1090826.374
1475319.699
1066659.383
1117432.98
1420283.559
840272.8649
1024907.94
1494241.226
1125880.487
1082455.018
1554634.995
1011365.365
1432756.517
1612717.553
973299.8618
679228.9927
1270999.939
910211.0189
1026271.796
1496729.536
1490539.058
1491838.494
996771.2482
1064854.309
985749.7874
1952622.402
1754969.162
1122240.364
1236931.728
966084.4204
852268.6717
1280669.873
1190213.513
1123851.141
1689120.427
1573347.788
1696977.663
1414286.724
755292.1144
714706.4289
944001.5583
1523136.485
1422916.811
1945618.658
1726719.067
1051123.833
2249122.541
1523915.145
1039517.534
818057.8953
1115466.585
1258178.804
1435423.708
1153470.44
1425603.495
1048350.692
1214482.379
821859.0657
753652.2718
1220001.334
1075675.108
1396082.352
1137801.933
1159953.593
1487849.876
1103072.439
897291.1153
1214320.574
1364363.375
1249092.928
946479.2349
1659805.184
1285399.565
898281.9025
1483848.169
1353488.416
1268703.811
1448573.845
1343605.8
1511537.745
1662038.759
1166673.195
1375633.373
839638.461
1638265.395
1385400.456
1153233.241
1370178.474
1181877.183
894251.0686
1421135.815
1028964.474
923508.1257
1599634.465
1369186.07
1748782.809
1150877.735
1110598.755
1159207.085
1811377.221
1267443.398
1352547.693
599504.0193
717213.2688
1008712.575
1071596.112
1397341.856
1313304.588
2106510.863
1306458.906
1354928.95
1582765.592
847155.0413
1342245.969
1363086.905
1275318.562
1285923.734
1789607.526
1196064.33
1917583.999
1370274.387
1677204.246
1439714.281
1012262.712
1511743.129
1131154.518
764860.4627
1681316.362
291724.2456
1013252.209
1194709.628
1463003.056
1453327.916
1291506.386
1625508.013
566896.2123
1468513.244
1573105.981
968360.5234
1309985.887
1361219.3
1465120.47
1571464.965
1629098.182
1182335.68
1010813.709
924728.5374
1382110.278
1366727.663
1297849.764
1196687.687
1281113.315
1530729.578
1208664.863
1417275.667
1195601.962
2469065.594
1223100.542
1220276.551
1311765.141
1198313.598
1187609.122
1399662.584
1597776.771
1355022.283
1137059.188
1053815.097
1242421.532
1222041.016
1025461.134
859427.9793
1279803.95
1671669.452
1525601.791
998773.9973
1012321.574
1252419.196
1869313.107
1800685.922
1393100.423
1166558.374
988175.0074
1540480.613
866142.1839
557362.2043
1033290.975
1084945.4
1365081.178
1239459.815
2056692.768
1045395.329
1679204.741
1158742.83
1647278.685
1702090.635
1379386.383
1358526.741
991398.8219
957117.6472
1638969.269
714142.2407
760876.0222
1343537.178
1056993.649
1088222.421
1308983.632
1548322.501
1411749.107
1601904.357
1277297.483
1061552.022
1115013.147
1020842.531
1440961.857
817377.311
1381536.934
1273067.036
1376714.674
1293746.876
1750908.224
555811.4067
1578829.012
911202.1683
1628751.935
1245400.955
993725.2172
1816099.138
1570583.34
1626321.321
1262494.287
1185226.617
1360329.359
1350459.116
1556987.724
886036.1295
1129613.01
1070240.02
1587015.357
1146321.581
1377447.349
1113570.852
1593836.785
1560746.866
977980.9211
1292592.392
1458912.584
1037780.48
1792254.818
882170.3184
1883481.075
1268600.361
1157189.438
1180989.324
1813043.926
866666.0554
1671350.14
1137467.586
711499.2446
1940195.374
1496466.357
1448995.115
924271.7911
1747004.583
1576286.214
1712280.706
1852375.507
1007596.043
1034779.19
1006544.527
736798.5333
1109006.287
1384140.227
2084883.79
801194.6198
1412242.755
1890789.177
1841904.243
1467075.169
661043.3565
978035.3448
1250882.292
1409238.798
1162746.621
878862.7457
1338424.788
1094347.968
1195897.741
1050239.904
914231.2923
864483.7585
1599478.986
1336356.233
1808341.466
1424283.373
1471799.676
1347622.483
1163741.658
1450624.524
982298.0366
868314.4736
1231511.931
663128.8401
1210496.625
1409033.071
1356384.668
1125476.202
1129975.817
1003642.627
1306367.811
1775874.76
1036685.241
1869929.202
1381085.729
2252243.34
787039.6447
957283.6564
1173695.292
1713161.699
1325503.454
1501497.532
1573580.234
693566.7573
1524586.787
1048818.21
1310764.112
1537329.57
1244881.363
732733.2363
1095806.626
476006.4445
1599911.368
1675825.721
1175868.999
1135079.345
1833208.579
1120349.773
1080735.984
1168574.666
1919693.23
1466605.774
1234037.236
1269486.337
1176111.788
1371298.425
1246509.14
1020268.855
1130415.41
890559.861
1417158.537
1376492.925
1306207.111
1275208.577
902520.94
872312.1738
994517.0453
1289008.217
1610006.605
1843720.648
1891949.348
1451078.093
1481940.762
1144477.879
1279945.51
1193021.312
1167119.109
1225612.763
1131618.913
1697501.605
1365496.885
622449.6452
1551094.815
1299126.83
1290324.649
1183884.005
1305934.325
1279117.965
786559.0249
1588196.233
976649.0166
1250866.567
1046627.052
1115935.277
1077813.593
1047689.266
2332110.74
956435.2633
1892623.546
283208.1322
1176021.375
783818.682
1625703.075
1961846.905
1084556.029
1428247.074
1634945.808
915992.5578
1042373.524
879618.3222
1210431.684
1059262.039
972417.8089
1242979.154
1096846.086
1392685.285
1080464.852
821413.1935
2237778.026
1518319.641
1503552.206
1219154.403
1276259.018
1400496.655
1127174.713
1251663.851
1469354.782
946556.2637
1150658.595
1325819.913
1150093.889
1009142.338
1705276.19
829794.8233
1046442.634
1152269.431
1091479.56
1039915.341
565732.8175
1739628.383
1442128.732
1004124.909
1143621.36
1060241.2
1548962.888
1056984.182
1447353.264
1251566.478
751969.2117
764955.4982
1539958.931
962747.1639
1353854.478
1850525.573
1778411.665
1369006.115
1197975.085
1930143.831
1481946.194
1347578.53
1358646.746
931768.0455
1205962.995
792146.076
1618670.884
864446.7942
662630.3439
1485145.661
1047226.967
1392793.814
943575.1307
1793398.718
881273.1168
2138713.943
1540869.872
1707650.436
1025705.134
1541186.254
1930344.449
1481146.95
1099725.283
1190867.437
1070318.815
1358213.906
1198725.487
1774715.484
1538903.993
1462360.601
953261.9162
1427108.501
769576.8637
668255.4804
800809.1317
1427202.279
783566.3279
949072.2496
1693591.835
1675557.271
1943359.768
1106261.274
978766.9139
997827.2538
1062206.321
1382172.294
1281741.163
1592664.7
1247557.695
779207.5546
1222760.858
1380715.315
704884.1544
1530480.688
1780415.438
1709667.189
852565.6269
1185310.267
1795093.034
956241.9913
1224454.547
552279.214
1186357.179
1582261.701
1478028.174
1386306.103
1424786.509
1206937.316
1209287.535
1029869.764
300464.0987
1294278.118
1251757.193
1128403.366
1363669.069
1177744.973
980274.0699
1524115.891
1311902.534
1119992.619
1538922.903
843633.1982
903301.9933
1161995.728
733299.7945
1837930.801
962028.7008
1477765.148
1419345.607
539483.3966
1097701.943
1412274.486
1013443.438
893919.0388
1234531.601
864702.9339
977024.1102
936148.5119
1056976.975
1040607.312
1641101.519
503065.5056
1296146.939
1164209.619
999814.8898
1060897.689
1848633.724
617157.9103
857697.1255
1253434.398
1635092.433
1524845.422
763869.6667
1376637.506
1244440.135
693931.5015
1277744.739
1539329.319
903881.6639
896944.2443
1184758.842
1731437.416
762144.9261
1270905.02
1000043.903
1967637.287
1114779.247
671661.7134
1214986.886
1053236.6
1515005.384
1732196.217
1587122.369
1184893.56
1314348.699
717825.3597
1441736.761
1119542.311
850977.0123
1655466.736
1641739.518
1369976.501
1465835.843
1789334.851
863297.1767
1425366.413
2271112.744
1370699.722
1566740.128
1436995.2
1345962.955
1265180.909
1061222.537
1383967.463
1051519.066
1550359.548
1375057.083
1882978.9
1274053.64
1426434.644
913587.0974
1116730.867
1226586.921
1836978.483
1452153.849
1294750.368
1059870.965
1615346.75
1107692.003
2330289.701
1116193.293
1072253.834
1626941.788
1669681.231
806121.8394
1680252.737
1186441.756
1766248.403
1641055.939
1120894.804
1325706.901
1593347.849
605073.4908
1064509.523
872365.8799
1117741.757
1935172.995
1668670.656
1072704.89
1914746.582
839194.0689
1285157.87
1433614.967
1459342.887
1652845.981
725830.602
1378863.688
1003941.929
729882.6249
1270047.528
1695706.132
714822.5872
1462899.031
1127260.126
1014226.299
852982.5644
830286.7066
1938866.49
1247645.41
813415.1281
679373.4015
814879.2063
1489540.135
1468738.755
1859883.661
1558758.796
2120888.345
790598.827
1137465.336
1369753.282
1433221.122
1373048.099
941950.5795
948279.9394
1365036.084
1289082.363
1398979.249
1559678.613
1485677.064
1553592.98
1179278.094
1262465.989
1663509.393
930011.5709
1584167.851
2185480.091
1529028.714
998240.8508
513215.9882
1136448.409
1898668.844
1255576.273
1367641.27
1788285.239
1230363.234
1000216.858
587007.8442
1734373.044
762167.2533
1532845.723
1243501.651
1628878.094
1767330.934
1308752.504
1311681.42
1567368.285
1126821.109
1473761.532
1366000.57
1677612.442
1789973.205
1961715.867
673225.1119
1230391.468
1124818.114
1090996.143
1570154.414
685123.1393
845553.3695
974805.9937
1247660.99
1381417.25
1726364.398
961539.0599
1359978.16
1384466.437
1531447.285
1418595.727
1476386.996
1168355.32
1222701.012
987447.7775
982790.871
527749.4039
1391232.527
1094321.883
1610217.177
1768705.125
1236258.08
1329007.203
1704126.876
1321888.268
1113936.638
1043628.37
1663653.71
969678.5673
1183014.509
957814.6031
912891.6806
1479758.318
1431507.623
1747911.496
1563083.336
1425745.297
804453.8698
1060440.596
954737.1411
1152604.142
955943.809
433247.1566
1718876.795
1236874.809
682200.3006
1141916.525
1162735.272
1681340.635
945981.5296
854045.0138
1372994.29
414571.2229
1240319.692
1640646.67
1537335.897
1337966.927
1085113.451
905328.7691
494742.5436
1237360.718
864899.485
1002192.582
800110.1189
1410331.825
1036382.766
437146.0204
624432.966
1179440.832
1740404.967
706135.1446
870252.411
1106149.686
1192677.55
2026303.098
1311473.323
1123386.531
1205750.232
1582140.06
573434.6642
1735826.005
1052185.176
1151281.847
1531216.894
1103352.601
308199.8912
1423296.118
1315684.457
637951.9056
1027191.029
729678.6262
1676770.331
1569121.917
874969.6969
1172413.197
1538985.189
1286572.979
1646033.41
1147313.02
976483.5805
1073350.044
1084255.678
1432252.081
1676070.943
1580557.01
1549873.88
1989672.524
1286980.807
1752967.605
1529711.14
1710612.03
774009.5476
1536143.592
1662939.097
1443027.263
1282258.093
1245967.799
1025908.914
1380070.45
288708.9121
1247581.212
1767399.29
1588549.501
1685217.105
928950.0032
1565931.192
926882.9195
1770616.93
1279353.925
530764.6725
1874895.602
1422890.021
1245788.303
1248130.521
1535564.552
1709441.806
1433260.228
1282758.903
1682708.617
624482.7636
1651684.774
768034.5331
1001876.606
1500821.469
1273988.483
1031046.365
1508198.672
773996.4762
1723706.759
1260826.638
1367142.717
1303091.91
1341870.354
1188416.806
1155077.131
1048969.493
1319478.287
1022408.901
1394970.599
1183343.566
1259919.983
579585.698
1591188.348
1437153.959
851018.9558
1321037.414
1112286.046
1509968.985
959625.5302
1032180.378
1232014.527
1575100.913
1257433.086
2173808.628
1115549.268
1397956.196
1003905.06
1614373.964
1463367.821
966620.5141
1453663.252
1321388.619
910512.6354
1029354.495
1608889.263
1458009.211
2198564.573
1281777.581
1196643.385
1578493.708
430088.2507
677988.2555
1085534.179
1634781.274
1167449.99
1067727.095
887739.4321
842924.5538
864067.0615
508951.5669
1223777.498
1029037.429
1487997.879
1836419.641
1148066.813
1318681.04
1174481.066
1522954.939
1132146.32
1212461.526
864132.0331
1336377.825
1747244.863
1398353.591
2020158.363
877779.3441
1255202.11
1173413.55
1326680.244
1585521.989
1106336.838
962501.9015
1408074.53
1266209.753
1741052.96
1636559.241
2318285.703
1409892.09
1166198.116
1393995.962
1462608.696
1922281.305
1587406.303
967868.5146
1426545.967
1725429.749
1753820.622
321058.9607
1089601.882
1137523.111
1371670.389
1595620.557
1899948.059
674657.9107
1555490.621
1194191.879
1482107.37
1154917.394
1050838.704
31140.51762
1748864.715
1287030.932
1237246.145
1259733.644
1028914.315
1388218.529
637189.9594
1717570.53
729688.5926
2049146.63
1340705.119
980983.211
1518169.444
1002840.229
1499920.594
1496577.459
1526915.349
917610.8884
1572990.374
959416.4367
960083.9969
1526025.659
1006885.844
1105105.053
625880.7321
1799827.22
1152798.579
846095.9673
1387864.89
1414286.722
1273308.71
1489648.018
1765988.264
934111.6355
1095879.443
876348.8176
854945.5067
1349743.146
970825.5964
1796009.504
934492.3424
584061.2474
895845.5655
696040.1299
1204137.323
1413729.757
607873.7728
971099.4754
1714055.837
1956438.651
2013015.746
1390497.566
1529452.062
1143215.029
1949577.954
1057799.242
1585873.833
1168993.759
1431915.977
1409439.076
1496724.381
1566567.883
986113.2395
885611.5783
1102259.539
1268125.838
1580691.617
1128644.462
1524689.063
1176420.559
1456273.724
1777516.449
1237902.82
1385783.517
1035125.857
1358899.686
1311145.968
919926.9985
985866.0316
1196204.886
1435981.22
752800.1475
324981.993
1127637.557
239319.9342
529282.0844
1455691.797
1371527.327
1231452.189
1102641.114
758262.6121
476971.4559
1706689.94
1079745.119
766594.3397
905045.2177
1425114.718
1512542.441
1650342.131
1112548.479
942508.9622
1642844.649
1078713.227
1333865.438
684049.9193
1311067.446
1172133.487
1419536.259
1288426.694
1500939.827
1000087.121
1457767.533
747933.4869
1024738.285
1517666.855
953840.6976
1375497.973
1645530.056
1727006.951
1597330.411
1688279.308
1398310.2
1100093.909
1505560.54
1105990.694
789043.8512
756319.734
1856782.783
1222020.821
1043968.399
1673294.246
1325860.533
1236044.316
1030759.7
1609581.804
1292287.095
1057697.703
768152.791
1513427.551
1429497.617
1376969.929
614700.7371
780608.9935
856548.9441
1656080.089
1249914.079
817460.4216
990893.1601
972079.5876
1349989.647
1303542.283
593766.1848
1243918.811
1395855.656
1112314.303
850010.1816
931787.6179
1011140.799
1190442.123
916140.2212
1222045.091
1232156.012
652752.9727
1219846.919
2050988.497
1359052.846
1308773.078
1573998.902
1182980.604
1029861.623
1085943.076
1713351.394
1297619.348
1096052.868
1920527.53
1035171.06
1218011.061
1106705.011
664978.8738
1316129.309
1398760.047
759799.8758
776906.3269
971928.9869
1180091.498
1201785.667
1591234.773
143027.3645
1091143.399
1249173.691
2002028.632
824540.8964
1511526.921
994257.5352
1345296.554
1166399.672
1820981.219
1023965.403
889385.9016
616738.2083
1784260.849
1050541.314
1389223.607
1423908.258
1069238.5
1007856.266
924346.1648
1453312.468
782656.0804
803689.1519
1439875.64
1270869.783
1347279.207
2186194.793
1082486.679
1700109.608
1623100.84
943309.4486
1409684.485
1326481.675
404643.6022
1176655.085
633875.9302
1390251.42
861138.1836
1151233.095
686644.6104
1261681.961
1327811.343
1339096.077
987355.9609
1384478.305
1168919.401
1522099.831
1260374.966
857762.317
1126450.426
1574084.927
469262.8156
1114169.037
1792368.627
1383842.185
691318.2401
1245070.338
2220799.069
854815.1175
2092348.377
781213.0669
726883.8689
1640990.378
1535781.96
1737759.05
1550702.478
1348873.427
955445.8537
1467910.569
1742938.776
1795630.913
1305972.22
1433542.021
921396.9753
1405399.855
1088548.827
738030.6499
2235294.718
1564252.526
1309937.399
1660770.002
1485418.102
886124.7256
1411024.044
671343.9418
992585.3823
944590.1588
1399909.049
865099.5234
1394423.556
813807.6997
1316180.494
1212205.341
1769484.893
541953.9057
1494101.445
856022.8625
1427842.506
1228138.129
1168627.651
1389287.474
1243981.946
1584439.713
1622837.353
1031146.755
1098518.134
909781.4668
1431517.439
1636996.074
1658974.567
1168887.459
1720258.777
1129408.87
778836.9229
1276471.581
839426.1222
794075.8615
1372549.782
1084539.387
211017.9705
1186372.179
1140918.805
1471828.129
803259.6126
1124719.49
1396401.022
802274.1289
1646662.911
1202621.178
1066768
1153135.22
1706110.86
1543913.433
302307.4011
1134055.403
1352756.753
1772390.553
1014450.654
781137.4618
921238.3583
790555.5204
1420648.281
377618.9699
945079.5323
1630952.884
1009972.083
1372806.616
560598.5384
1484653.884
940138.9614
1354077.498
1400961.279
1426832.049
1031737.385
1244248.525
1070868.067
493350.0312
1228323.225
1427026.945
1504664.281
689155.5684
1481171.234
1092649.709
962581.6883
688479.2926
1363106.125
826328.1084
1434575.11
1509422.58
395440.2022
1765809.432
1135676.183
1006227.535
576387.1752
1044615.522
1765352.366
1049632.181
1456969.577
1331374.948
1779874.754
1601152.932
1702528.794
1123765.346
1042144.231
869026.582
1352993.625
945931.1936
1653381.313
1258957.62
724121.6734
1067871.687
842235.8034
954154.2069
1356691.387
1202992.884
1502447.917
1947338.44
1153516.919
414165.2204
723089.9525
1193482.503
1380602.556
151527.0826
1114729.725
984421.2253
875904.5286
788427.8399
1444701.328
1450393.53
921321.015
1160146.171
1222689.523
2004396.372
454055.6559
1698198.751
1193106.94
1275403.464
810751.725
642862.7138
1086825.754
773360.698
1500962.615
768301.802
1781211.414
1420469.727
1380215.515
1090805.374
886815.9436
1007224.929
1077754.226
1253648.324
1102943.351
744132.7042
1845630.071
873588.1297
755678.3301
1101826.315
1618994.276
1127873.577
749847.1904
984672.2998
534077.4555
1242114.101
1273631.267
1095597.944
1364738.296
1037147.467
1228517.207
759360.6548
1140579.618
810741.5185
642855.1696
1562950.322
1599851.895
1332669.235
665160.0759
1591383.735
1144507.423
1619721.716
1251688.616
1882806.934
1016163.177
1721005.42
890138.2114
1272719.632
1582605.535
1170204.339
1166750.313
319495.6676
704698.3621
945614.5659
2054897.009
1280230.625
850114.5963
1637649.905
1742431.663
942093.9245
1388782.887
996506.0709
790802.801
718650.6438
1517141.623
496359.9708
820611.4709
1122320.933
846939.4288
1540762.269
963531.9152
1590804.044
1283415.266
1447920.68
742858.6356
1400609.034
1638577.417
1235475.55
1249417.897
1499356.12
1005843.917
623721.613
922514.088
1638606.834
1249223.831
1928301.782
1487729.592
896303.7992
1903813.793
1069851.162
829868.2304
1181338.161
1401767.904
1235501.486
1522083.944
656971.5307
1660678.035
606191.8669
1011331.164
1529830.368
1489520.019
1468267.23
978312.7484
1181637.949
1015233.032
1139615.72
984349.6142
1765281.093
1327975.249
804170.2016
1467271.556
1478823.647
1367312.132
1162469.887
1473278.441
897479.9502
1568578.512
1421518.602
1199144.788
1596180.568
1264972.442
1135465.473
1359838.999
88591.77016
1822448.617
1720734.403
1224397.427
1209571.072
1698820.102
1860358.468
1168444.882
764756.0935
977242.2697
1079158.653
1383395.287
992053.0502
1574919.906
1174311.556
795082.8102
1170573.77
1998368.741
842086.6733
849656.9232
908616.4826
1524257.706
685880.3213
771310.0004
1308243.922
1312063.756
1467849.818
902350.4197
926880.8506
1323326.403
1504026.27
1003266.876
592397.7261
1339142.805
1212939.954
753930.5825
1538401.817
1295728.088
1472887.247
831762.7909
1610577.497
881446.1155
1666462.622
1085218.859
1712929.654
1444403.664
1884674.241
1014548.233
1084013.785
1279777.379
1967384.778
1002974.215
979568.6285
565937.2006
1092130.981
1869113.611
1817829.53
1392207.648
1389773.873
956009.1436
945833.1891
1383766.082
1400268.142
1144937.614
1118165.866
1047012.271
1096069.287
1386473.365
945831.1863
1311379.596
885661.5908
1507331.288
1643291.722
987746.924
612211.5924
836235.0305
1495518.624
911071.8336
1360787.871
1455107.451
1327969.286
1838503.994
1727211.089
1093344.577
943485.0473
1100632.391
1269811.089
1321008.593
978241.2891
952533.5782
1434015.033
1008649.929
2007556.286
882666.5815
1246218.31
880682.302
840124.8423
1469767.647
1824987.706
1404896.376
1290043.367
1410362.613
1058269.019
1464929.162
1777009.712
826194.6782
1851575.868
1552915.164
922478.9145
1753427.937
1387701.111
1801916.346
1237115.741
1009606.284
1601678.263
483458.5483
925394.135
1143377.602
1283401.789
1031367.589
1153605.031
995137.2024
1006580.48
987434.7498
897013.181
1560838.45
1349818.25
883147.471
926482.4677
1100152.088
674197.852
1587350.294
1276987.492
982344.8121
1153433.081
799124.8492
1169640.324
1591203.49
1450769.841
1381442.758
1930805.947
1280548.089
916344.2938
1170892.98
1616382.932
1056518.913
1583897.538
619407.4863
1043415.992
1222344.208
1433538.321
1474417.272
1827899.186
1130537.993
758886.6888
1210400.127
674817.5428
1232209.476
2105205.856
1662585.938
1443907.747
781482.5832
1557794.021
1476277.527
1412449.479
1438290.851
1667560.879
1131532.919
1154270.485
1650770.93
1387987.803
1325294.121
825095.1086
944186.1591
1608726.681
1050223.668
1417691.113
1386351.145
1015546.309
991934.0654
1267433.909
1491811.661
1222887.121
1114901.973
1024787.942
675489.7527
1515157.081
491085.826
737147.0943
1208875.084
1073355.784
554702.6802
1225796.414
1282339.35
1409824.638
1448668.424
728402.0001
1381482.685
1424994.375
1741105.641
1361230.121
1164497.019
1375736.957
636506.0006
775957.6721
976540.0985
1048302.409
575694.1732
1365437.489
1403219.371
1723424.672
1987332.217
1285202.337
1306056.565
778546.1621
1155681.867
1540737.193
934408.7143
294170.7464
1423025.101
876763.5841
1416408.25
972536.6628
1729061.656
981259.5641
1125230.45
723750.0653
1556552.474
1391303.787
1103648.288
2005037.307
1055153.32
1389366.718
1249461.562
1501482.22
1296134.395
992773.7916
1085101.324
734562.1045
1221827.822
1489970.147
1696086.168
891259.3384
1347083.07
1428797.372
1198678.984
1194083.247
1233126.836
1587585.485
1025439.434
700903.5639
1180903.434
914136.5198
1178600.648
1328572.191
742449.3106
964596.7498
1613037.509
816772.3751
1283208.829
975385.5554
889845.6012
979282.7631
896937.6578
1712388.873
1367292.96
949879.9339
2050594.046
1616631.334
1358350.398
1708127.578
1970419.054
1636080.39
1591269.993
1806231.452
1138748.964
1246440.856
1407123.8
1370830.389
1492521.867
762391.7761
1668448.098
945057.3184
874497.2655
1080170.907
1049007.017
826587.3919
1384328.122
1027311.508
1938713.985
1025417.888
594816.9325
1369970.613
449331.5835
1253359.954
1347234.093
1257780.067
1474296.416
1513273.017
1042243.731
1288069.226
1988563.993
799842.3758
1813555.33
492984.5947
1325531.155
1315138.251
729990.0244
1328658.911
1599416.014
1348251.597
1018457.987
1517597.527
1247289.49
906034.6514
1203089.989
1375771.129
459446.4193
1238486.17
1309768.196
1111580.1
1099788.698
1247384.085
1546469.783
729315.3749
1614667.528
1613325.655
765505.3475
1696785.902
980161.6274
1167621.046
995849.7751
1276494.765
1649156.608
1603268.211
1314387.407
1357366.528
1308017.314
1246015.297
1467959.529
1239309.915
1457022.63
1315666.874
885709.7643
566645.8578
1088176.201
1105737.462
1571664.903
1412144.508
1220724.177
1011909.694
685922.3852
1175190.673
1053891.645
1360502.249
1409038.987
547794.5712
1211442.941
1403296.258
1125696.862
1067191.98
786257.7826
1341069.16
777718.8986
1539465.42
738760.7474
777144.2542
1131040.702
892718.091
1344406.93
1174949.861
948054.0087
1432902.753
1649947.16
1168588.031
1172514.722
1051173.465
1235747.512
984010.7053
1210610.163
766078.3708
1234636.452
1364306.769
1429383.352
1680788.287
884891.4955
1198572.866
996924.6914
1417403.312
549947.2482
1241699.117
1258686.286
1144177.776
1518387.142
592512.4283
1283590.459
1014093.31
1535152.074
1754576.146
1384965.654
554253.054
1502451.114
1930802.919
1309860.059
1110525.989
1543357.454
1736442.48
1370367.788
1614916.469
1124463.04
1293383.89
1472967.814
1009809.984
1217061.254
1637335.303
1570904.977
1002690.899
1814550.901
1677005.14
1173201.519
860346.4707
631712.7238
1330929.472
879356.366
635419.3652
1085494.82
1024601.563
701865.773
942663.9415
1838092.102
1065150.787
849566.0855
949892.5314
1294967.411
1033881.135
1280700.403
1388840.174
1940225.908
1586889.995
962081.42
1049798.785
1040781.795
1100380.261
759044.688
1283764.788
1162949.679
1420979.184
972670.8133
1804243.86
836883.5653
1294647.589
1300479.133
1040376.995
1193253.801
1618127.607
1113856.543
1706291.991
658644.617
1168993.738
1123209.855
915818.4531
1134142.916
1589765.497
552585.3541
1352917.177
1043281.29
1589431.171
1348883.321
1212440.29
1580727.45
1215288.49
1391788.849
1127248.61
1234609.739
936234.3476
1852338.469
2009937.703
828127.0276
1661119.501
1295901.454
989643.0314
1788515.818
1814855.155
1170705.166
1090788.981
440585.0294
1029439.234
828120.955
985283.8816
879062.5907
609402.7753
1168859.117
1307506.565
1357250.571
1181630.625
1294615.008
911656.1053
1149327.656
867714.3838
973068.557
1084408.44
2275455.306
1233205.196
1906024.636
1412626.519
1208761.056
1710924.367
750119.7266
1361828.848
904785.1632
980141.2191
798254.2245
1026505.821
1692335.964
1405505.244
946182.0502
1723775.014
1238406.19
1317160.403
1155752.745
1040086.664
1266947.264
1422230.96
1224778.623
973096.3582
512252.8035
906419.3179
1114667.249
1278365.767
1720670.877
1534295.195
1066040.789
1428399.002
855423.984
853084.1522
934610.3953
1571781.593
927163.8119
1227568.958
671802.0395
1705918.18
1198915.943
1230097.451
764635.9979
1553854.434
1451930.631
1063491.81
1226180.768
1220987.002
1480227.547
1641873.966
1262963.861
1444572.971
1358983.47
635530.8449
1670183.168
841236.1676
1581865.559
1841495.508
1891398.256
1832230.093
1062095.468
970044.6656
1528900.856
1107159.781
1300031.23
1547737.002
1248741.865
1205568.367
993637.0897
1813856.314
1822438.42
1166925.146
952439.6622
1659100.124
1181995.431
1124042.948
1219637.367
867082.8428
1385978.984
725040.896
1409762.119
1036704.691
717273.1853
1642478.736
585440.4314
602209.575
1340227.277
1430051.088
1101120.259
897223.4347
1409318.577
1226067.314
910099.644
1492009.563
1555806.042
1487855.538
995144.1066
1151006.078
1760880.448
1067000.349
1430796.763
981753.2384
1102516.584
1334377.307
1395218.58
1227167.408
1315568.164
1643338.993
1354417.563
1273868.064
1343824.215
692229.4655
1411054.317
832475.189
1076334.103
1309829.936
1130844.029
784503.3579
1378399.109
983537.5108
1737981.53
1314359.454
1372969.311
998855.5799
1473540.76
1816217.007
1127082.199
1427832.121
959243.6084
1202452.728
1463442.908
1120851.519
696467.1699
631656.4746
1366988.235
1919053.527
1460341.011
935488.6065
896246.1462
894203.5715
1353729.533
1496177.416
629657.6133
549167.9399
1737582.283
1247281.698
1779898.996
1032663.003
1815809.621
1387114.42
1262012.926
1432318.47
1501622.125
1275676.981
1476989.184
796289.3069
707345.0624
1318231.418
1020861.337
1527691.701
1536234.709
1482123.625
657169.3042
1390200.224
613788.322
677772.3453
1535946.643
990004.7306
1039380.722
1107286.973
1340909.799
1335883.831
1015010.538
676979.7154
1110114.22
1641030.478
914378.3344
1258563.859
1440909.001
1624137.595
1869886.305
1302748.858
1429529.63
1023162.953
673571.346
1657667.332
1392083.818
1360100.719
1103021.383
1322914.051
1305185.545
1431517.358
1137446.993
1010477.392
1449033.432
1064569.606
607249.4233
1202227.957
816813.5324
1598159.227
1658381.006
1312093.361
647982.6536
1492786.627
627733.7434
1827500.892
1339254.727
1620949.437
1637944.645
1216888.02
1555497.546
873048.3196
846055.7174
1028493.601
1569600.446
1798232.803
1402146.873
398909.5099
933157.3392
712285.8256
1261927.419
1063964.288
1302029.013
1957891.588
849153.1225
1070720.058
714166.3978
1441882.522
693681.0044
1060123.73
1535262.441
1454681.937
1062593.483
1907859.059
965318.6958
1109639.996
1118595.119
1049661.039
2294647.784
1356062.104
989903.6448
1499243.168
1160246.73
1302347.574
1553311.161
945252.1918
1158697.6
1261239.272
1257282.159
1279464.647
943854.7279
1404540.758
1296636.271
1450996.038
1654965.296
1030866.952
1204103.087
1115721.687
606863.1415
971174.9868
1029855.714
1246791.029
1146886.093
1075550.215
1074263.317
1115394.393
1496210.216
1299991.951
1446983.542
1257376.174
1549303.499
828477.2913
1642011.345
847387.2058
968082.1645
1495384.004
678721.8842
1427551.145
1093873.291
1653232.551
1178272.297
755843.709
1210366.529
980231.2309
1122083.251
1441376.394
1251794.179
1257217.29
1986811.17
1550242.01
1305127.336
940162.7245
690958.5497
1153029.616
1116487.357
1534171.953
893435.1192
401148.5688
1290755.036
1865071.41
1251430.92
1133910.648
1688093.257
1394132.241
923444.1448
1131533.555
1475700.71
842985.8529
1327718.382
1220700.696
1403176.429
1331656.494
1051567.946
1813857.826
1041237.817
1746086.989
1412881.784
1557626.781
1797105.103
923246.8621
834185.5784
1603749.984
1510996.435
1496539.313
1447325.64
1361841.952
1409977.131
1534111.581
1484688.234
1379169.449
1884385.65
856383.5014
1689512.18
1640185.798
452530.1767
980145.7829
1449409.436
814784.2457
1735637.414
964924.4933
1490718.335
1086186.428
1759180.044
1315828.86
1137685.116
1446155.18
1602903.281
1440246.33
800146.2261
1491538.499
969323.4858
1055772.871
1299430.176
1340094.966
1723729.655
1214104.934
393639.074
1472539.958
502553.0522
1296223.706
1342814.949
1698219.757
555504.1478
1298980.829
1440736.583
1145351.161
1546957.226
1070818.731
1993453.673
891981.0976
1443842.023
1305219.521
1238708.76
1241386.737
849008.7047
1656785.448
1896650.323
1300362.028
1159749.09
1263743.971
1292643.52
1357710.965
945551.1489
1572099.69
2019424.222
831471.5304
1408347.445
1154126.216
1521085.472
1522143.641
1528714.305
1289042.121
1222799.34
792174.1738
1753967.477
1149524.699
1876497.269
1045348.23
1323300.72
997239.7078
1204939.904
1877941.971
1245053.433
1165990.604
1517152.585
847767.9216
1012269.469
1439431.453
1461511.881
678587.2437
783350.6732
1499552.269
1458422.811
1228879.867
932380.5504
834268.3429
1351007.041
1068786.672
1124396.249
2370231.32
1334952.605
1504441.01
1153435.092
1259357.023
1567745.807
1516419.721
1365151.394
1046030.114
1233965.837
1009769.078
1453597.507
1103206.755
1571253.531
1400111.497
1822987.82
1174747.551
1147908.529
1124125.921
822934.8313
1448774.971
1063630.928
861657.3994
1034760.04
1240864.154
1442372.044
1390620.168
862407.817
695152.1733
1392537.29
1200653.345
920540.6539
1300433.575
1172188.194
1054732.6
615568.1134
1271396.518
231189.821
1040782.486
1111710.9
885796.2796
809755.6175
1095794.165
1138609.173
873241.9886
1413579.817
1730084.479
996243.4249
1273518.737
970177.1054
1143203.068
1437983.825
1128720.42
1532533.611
1082588.727
1156308.169
1168760.428
1357575.852
920498.9374
1810782.413
903657.5625
1850513.527
1148720.905
1492033.205
831168.8337
1130677.466
737202.4576
578309.0862
1112223.008
962531.6649
843650.8279
1217267.934
450307.0174
1663473.121
1164615.968
1263018.127
2197436.875
1721261.812
1670908.662
1148749.933
1154883.288
1707269.528
1108406.786
1256599.179
1180967.735
905435.8429
1450122.715
1382810.706
868694.0737
1471746.555
676377.6614
1462422.256
1036782.245
1122967.385
1877073.575
1657363.057
1757395.787
1539084.922
1738788.382
1189466.714
1316793.569
1542970.948
1024973.195
1353182.494
1594089.241
1501048.204
810537.1484
1270297.545
1591022.904
1040652.839
639471.7361
867898.2822
776125.5971
1202844.374
1346379.985
1014430.121
1373512.302
1454749.807
1166600.457
1093253.491
2130762
1719762.308
1019880.653
1296645.375
1372878.534
1117011.106
959734.8133
1074824.816
922054.1319
1017374.023
1227401.539
1226041.783
1411334.219
1317234.043
1250144.012
1389047.558
792449.5431
1860681.947
1110827.822
1539129.364
1132779.837
839629.5122
1243239.003
1104109.035
1664301.512
818289.7642
1062666.366
730043.6451
1307173.872
1464710.206
769851.8034
1012023.399
866328.1313
1222726.564
998702.0371
1644242.137
1817188.451
1553976.234
850593.3377
1179987.324
1554986.695
1281378.174
1125677.604
1705889.887
783565.1025
1355362.956
927181.0664
1058517.81
1397564.156
635429.2305
1104701.234
1368134.998
1204117.419
517937.5895
1241182.835
1603627.28
1063206.378
1269293.209
1063399.275
1561313.838
1135613.432
1057347.166
772310.2278
989263.2366
699323.2624
1596342.909
1499153.081
770770.5849
1055484.373
1240503.524
900973.3764
1035976.953
1086447.511
1366980.91
1616937.019
1639944.959
509499.589
1200125.447
2142896.556
1301089.712
1860648.745
1283996.968
947355.9701
875799.2473
1483041.335
1508856.424
1302814.489
747396.2531
1723397.089
1059431.451
1309397.049
981232.6124
1389763.822
1599963.807
1208843.277
2059301.343
1272337.504
1390377.375
1212899.219
1393482.85
1603046.179
1063069.916
1068492.613
1337973.732
889831.1511
1308231.769
1612102.097
578161.4955
1454126.551
1684537.961
1347210.092
1603342.669
1383563.574
705444.1168
1418045.719
1457755.979
1617405.425
456019.1712
1348804.229
1579360.825
385678.1667
1121023.437
1178553.616
1296467.994
313651.5032
1530294.577
1249914.395
1270432.4
1123753.734
1005087.361
1712282.259
698457.6776
1322439.108
1599615.745
1142264.248
1012768.756
1244916.548
1016526.594
1383565.696
1526369.647
961495.0964
1228362.747
1674680.741
1411217.493
1476392.551
751324.1387
1366714.376
1718625.945
1344869.28
1442079.057
1000892.046
1553395.562
1969256.933
1435261.987
718874.6798
1883082.276
1502443.23
1513650.381
1410264.405
647691.8352
1675062.891
1336134.486
1376240.615
1680017.24
1186025.951
1460044.546
650939.2067
1525690.995
1827476.196
860399.3452
1574181.732
333160.9943
1279681.154
1594748.125
1495375.423
954732.9038
1426695.686
1468459.955
1607863.828
888866.3945
1151341.85
1045704.7
1279160.988
1799455.406
2005167.48
1492612.189
976481.7168
1247002.164
1426682.135
1171989.718
1370909.952
1083071.56
1065656.023
1492095.143
936864.6878
1966139.928
1558196.969
1280588.342
853750.6529
978824.6016
1273554.278
798659.2171
1114128.47
1108894.003
710269.214
1142127.884
1378269.573
1140126.187
999146.8694
1289201.391
973197.7753
1511653.455
1158677.202
1009093.802
861013.9461
1064371.764
1883469.244
1191340.826
1300303.407
1126042.405
1848511.108
1072874.61
1019127.733
1210161.07
1561234.133
2180065.598
1665515.246
1307136.335
1604207.684
1057125.839
1077805.578
1328525.02
1017775.512
1443816.971
1322010.057
1064939.523
768541.9161
1244563.275
744291.0273
1879416.222
1131698.214
1000713.586
1313128.138
1810561.175
1877268.75
1495672.594
1708102.102
1058356.18
681089.9189
1958064.742
353240.0547
1054304.172
268050.8147
1318597.715
1334537.424
1598736.4
1699952.814
1012269.82
1093506.014
1064703.305
1184614.087
1146480.214
1925615.841
1233882.555
822685.3746
1935831.039
912585.6212
1636906.288
1197929.743
1039794.767
1033450.139
839589.8445
782800.4947
1547127.386
1518706.283
1074456.402
671960.6449
1185734.958
1518454.06
666745.6714
988014.7561
997452.5009
1791307.241
1223589.046
1321257.251
1193687.181
840208.743
1474745.015
1527439.717
802048.4455
1016960.655
1051230.001
1209964.352
1357208.238
1513846.595
1737570.505
613370.8511
767784.6304
1181663.484
1898168.684
1471784.005
1397461.553
664465.331
1128252.819
1273629.124
968411.6244
1071537.376
1802294.289
1369582.582
1350283.997
1637831.328
1574279.814
1251063.65
992622.7693
1616505.354
1440106.864
1139014.194
1139072.772
1243491.572
1021126.683
960918.6584
1306288.227
1537897.118
909885.8014
1752112.604
1129388.123
2024902.521
1164968.877
1187454.672
1675702.223
1163559.471
814240.2816
1480674.799
1281308.332
1187044.053
1267803.317
1094792.003
1489574.137
1280995.549
1046347.121
1149694.034
1063344.635
1377113.026
1459525.376
899609.3001
482689.7034
412269.2034
1209797.58
1342506.921
727866.5252
1447250.999
1578766.05
1578737.436
1445527.137
1221823.704
2031338.347
1232974.142
1426402.807
520217.893
1314770.47
1249331.45
1835564.689
1018173.703
607858.9912
1340983.25
1292740.446
1772780.143
1131887.762
1603627.938
809121.1058
987004.0837
676970.6909
461473.5665
15938.65792
1622827.298
1924155.582
1548598.755
2007639.432
461912.2443
1243838.634
1309922.854
1343484.727
771214.4796
1244955.461
365929.5973
1453108.794
1128906.339
2100698.071
1105024.416
1159526.154
1940933.472
1549031.093
1379456.031
1501917.318
963655.5774
1900999.546
1200060.662
1063743.424
1252733.097
907530.1753
1256086.507
1517868.595
1705546.412
1081578.619
872177.4089
1061785.583
1355545.588
1455511.267
1445030.984
823821.7864
1693693.553
944979.0094
1156786.084
1306288.623
1785449.72
1115080.654
1188255.081
1184799.271
1134246.503
1108022.282
1148416.91
1202574.353
1428212.034
1842736.247
1262232.321
1354609.246
1277380.529
854487.597
968045.4778
769113.8332
1236093.914
745586.5735
944288.911
1283480.439
1214941.762
1137224.575
1881075.438
1603201.048
1296610.532
1540360.751
1046957.117
1545672.117
857934.5478
1298108
1533017.307
846841.4564
1280199.295
1214334.973
1206539.666
1031385.455
1715435.991
1223432.84
1530848.094
1404435.505
1603944.38
1167918.059
1048135.754
1563193.097
1512578.553
1632942.316
1017722.998
1619829.096
1890056.385
1902118.699
1338247.93
2081869.284
868713.4367
603374.0391
1182670.135
1557075.422
1574582.091
530613.7956
1669558.847
1191968.52
842296.2673
1111108.501
1180325.499
1575966.553
1735992.339
1144711.177
891200.8623
1775531.404
1660295.796
1062105.308
1693384.803
1689690.754
1004041.435
780934.038
942166.509
1049823.996
1394840.523
1521141.345
1470427.375
1094069.798
2096954.041
1580951.579
1749820.014
2065710.164
1148372.401
1371521.62
1814462.351
1304284.226
605963.7068
1179992.289
1188196.882
1914072.948
1286400.915
1161232.657
1682105.847
1144137.636
1328701.194
1517316.574
1148563.904
729781.5696
716316.4881
859078.6477
1011477.614
938171.3556
1179983.442
1107067.804
1114957.597
1537310.616
1635151.186
1076995.904
890887.6807
1033475.699
1812960.408
1568433.328
852504.5856
1546408.558
1661592.789
1752594.821
1303106.787
1287903.352
1670950.313
1127499.384
1311389.576
1004430.324
1266747.83
713615.8686
814573.1471
1155801.253
1277780.512
1516075.012
877247.2454
1317167.713
1880178.647
1370505.883
1078779.497
1621742.748
1351541.419
717682.0857
914325.0292
1074296.704
1199618.943
1452736.787
1377671.237
1474379.44
1363623.044
891468.2133
1421047.646
1000842.178
1371311.616
1572513.838
958909.1935
912422.1464
1210026.031
1243879.83
1381117.701
1226992.903
1262552.686
774674.0567
1295945.617
704375.8684
1305210.265
1240380.461
1262281.486
491907.7944
890481.7298
1895361.115
1376346.359
1596440.114
1537475.79
1270390.248
938827.8008
1277148.996
732244.1581
1108204.587
1262104.926
757943.2228
1354874.837
995813.2161
612938.7145
1521745.663
1252691.793
963934.013
623181.1348
1361872.291
826306.1479
1104115.693
1722463.563
1053338.592
933949.0733
1575492.496
1544906.385
798073.9462
994107.8898
836339.8169
1336172.194
592223.2631
766710.1735
1820439.353
1186019.796
1302664.417
1197069.264
1205878.77
1511352.256
951781.3078
994897.1126
1252723.43
1048639.789
1629049.624
639366.3656
1055930.224
799207.7043
1323959.799
852590.3528
1399812.613
1206020.385
1222576.82
1184462.32
522638.9989
1621982.418
1418310.085
1846350.02
1415349.65
1729559.809
1325149.92
470008.1382
1637261.854
1268134.929
983994.2669
1231779.152
1524123.569
1859160.625
965136.3385
1487571.551
1599860.08
1411756.619
1209445.22
1202050.584
1784057.843
1259665.603
1742922.64
1206250.648
1014513.21
1169653.821
561703.7697
1710570.17
1432012.871
881443.9247
679627.5956
1165240.178
2190338.611
1887529.377
1296881.971
841276.5861
1111148.947
2045693.82
1330191.522
1536992.866
762130.4623
735952.1689
939490.9138
1385775.667
1210184.018
652991.1054
844695.5049
1185743.824
1022709.696
1638632.151
751952.5709
1771036.925
739027.6758
2096977.79
1903660.919
1882118.611
1480888.804
1304789.263
1407291.851
843536.172
763093.2314
743212.4195
1187113.826
1167421.739
1160526.058
627650.4026
1329800.046
1129798.373
955689.5329
742645.1459
490338.6033
1754937.715
845890.2405
949684.4102
1333014.908
985117.6289
1166336.259
1147685.301
1459834.789
1462989.491
1388596.243
590199.1722
1256469.642
1495390.499
589352.3954
1270502.871
1097918.412
1409943.303
1450619.457
1368670.299
1129582.838
1795445.898
1113314.699
1348221.765
1134125.646
665266.9766
1197740.917
626020.1695
1645843.048
1354973.553
390948.45
1226441.479
1770372.175
1525205.646
1188761.32
1517693.106
1363319.846
1740671.73
1505628.453
1072914.996
1206931.65
1092809.597
1404622.086
1483685.904
1447181.826
1506651.157
1170169.259
407718.9382
1344523.408
1684554.715
734101.4856
752950.6068
1211110.084
999244.635
812858.357
1295014.618
724993.8892
1126137.681
1408550.417
1524106.965
823864.3877
1521527.042
1094027.186
1259190.706
1003837.667
1205138.181
1405059.642
1411266.411
1794214.425
990894.0537
1022342.574
1826821.616
708045.5749
750753.4209
1445731.626
995783.1625
1191625.44
2016910.74
1057838.493
357250.6878
1106976.067
1266616.547
805433.7397
851633.9109
1412097.177
1339636.187
641484.2385
1109665.563
1669127.078
1788829.235
1352096.051
1369016.778
485533.6804
1404036.266
1597152.901
1735340.256
1169166.989
1142113.384
1368106.873
1028650.592
1368692.297
1431386.814
1061208.706
1322782.76
1716323.348
465499.8081
986285.3819
1416238.577
1455326
1530068.012
1172619.597
1174289.081
1342818.676
1383651.827
1199760.292
705343.2561
1440738.469
900851.1631
2017174.989
951243.8541
1222277.091
1080624.497
762208.9848
625990.3004
2030910.615
1462875.984
1637841.262
1046191.165
1529281.84
1591793.723
1815920.45
1027427.862
1541127.344
1031981.283
1161457.848
1317040.737
908013.0021
1455554.829
1560870.211
1417047.627
1311654.263
1275497.161
1678347.528
1399466.898
1242111.428
1866035.415
412057.4401
544320.6881
1503327
1761924.104
1270543.464
839745.6833
1046943.498
1396241.198
1596439.716
1290784.491
1030016.645
758570.7972
1948654.936
1578141.053
1380353.888
745996.3306
1232466.4
1899136.535
1084063.642
1377939.775
937325.5661
1220133.358
1252416.691
839453.2926
1337472.085
1479295.571
1975538.416
1146637.544
1829101.549
1110931.826
1393897.39
577168.2739
1454834.982
1321743.166
1449829.494
1281537.368
1111284.161
1136347.792
615055.6758
1362239.054
1418977.829
985339.4738
1048647.166
1028683.045
684257.1111
1845325.357
1287784.304
1120419.042
1023205.041
1874415.107
670356.8953
1004070.998
885379.7903
1111360.303
1557276.064
1364832.003
1510659.228
1584317.753
383020.8277
1028760.465
1437458.364
1025701.595
903665.2037
1151189.642
1205706.715
1324377.609
668183.5099
1222412.02
1040762.832
1643086.278
886536.4284
576356.0319
1012545.492
1194594.988
1692308.59
1541746.291
426906.1829
842777.9925
1574526.977
2033546.785
1488535.16
1191564.2
927677.4223
1489667.75
930493.3313
1789999.444
1708631.365
1446597.122
1204214.03
1088834.29
699222.8361
1205114.23
1761960.569
1286477.396
816058.2238
874755.2933
1054606.985
1714266.274
1601527.415
426100.4805
1454699.231
314167.8343
933609.2581
1353635.41
1587357.946
1457672.906
1265927.36
1562573.061
1376146.811
764799.883
1206986.885
649223.5061
2102244.497
1429951.804
832559.7976
1339303.657
579710.1098
995721.6274
745523.8383
1004471.661
1311432.388
1246936.946
1341449.572
1020336.883
1320897.013
1443470.037
884015.2271
1355556.954
841392.493
619664.2512
1446982.761
1575680.037
1351639.839
1543801.655
1101239.492
1034180.949
1139360.434
1116351.753
1526013.33
1020098.041
1617072.277
1567482.268
1134273.425
1434803.061
1234837.206
863386.1738
1246410.341
932979.3606
1468030.408
1087802.888
1260484.462
1021122.052
1375467.271
1224792.357
1376898.058
1642164.216
1210573.855
1246595.16
812059.0591
1054856.033
1384432.153
1133126.484
1470476.987
1326837.456
1441956.202
1278204.782
803919.8065
1880127.062
1261715.462
1810158.487
1527492.344
1133084.324
1491145.24
853142.8085
973688.7555
2105991.792
948366.9679
1641473.662
999369.7984
983180.3746
1439892.632
812512.2413
1304511.899
1246270.01
1277112.117
1734814.16
869924.0584
961727.4684
1267150.837
1820189.533
716344.6279
1204400.616
1560805.071
1644242.024
1586312.158
1073254.144
1090888.963
1568181.614
927978.9092
985006.9862
1636414.892
1542488.695
806255.8756
1101341.194
1787324.506
1235593.277
1033626.411
1335848.332
943469.808
1382998.251
859208.7212
1234629.595
1248845.209
1108912.515
1466411.79
1454035.008
1457230.646
837540.1697
694472.1081
2139725.54
1285312.244
975005.7737
1661435.48
557228.7842
871325.2613
1246485.184
1491153.03
1532682.048
646248.1834
1397943.513
1153321.604
1135030.683
1312466.974
1224001.871
1394637.65
1218125.212
266298.8811
1052567.699
1460450.981
1205377.911
1110394.025
1218566.262
862865.8153
705100.5116
1112194.752
1049981.352
1650269.18
699787.319
779106.0225
1748474.694
1550036.519
581134.9649
1537765.661
975054.5664
990725.6518
1092843.3
1217309.129
1622261.672
1288490.268
1697281.494
1242316.991
1969194.124
1418723.657
744450.2293
736817.3769
1820595.367
799191.0381
1296240.112
1341722.836
771002.0763
1243748.119
1138036.595
1020145.973
1507035.874
569876.7749
867311.0637
1325354.508
1710966.036
757469.0222
1450786.775
1004340.036
1957984.944
1262187.042
718187.0166
1271518.964
1333995.852
1424389.483
1078577.267
1536899.083
1165875.306
1165877.669
1099917.434
1244630.998
873509.1895
1270928.034
997618.6798
913978.5734
856207.6028
1729392.204
1518787.761
752168.0689
1550931.068
1327806.729
1399906.45
1235591.828
1626676.49
1099959.639
1289190.763
1441312.168
829128.6568
1443228.288
616056.96
809057.4586
1383938.367
1514555.082
1214689.184
1672445.348
1496776.83
1408427.758
1447492.964
1301486.686
1472809.487
975384.1814
1088699.399
1527676.374
1078534.553
1054249.207
1214262.699
920951.5683
1132983.955
1731564.379
1236633.087
1473680.604
1852584.523
1254938.142
1638661.432
1367130.348
1327961.098
1332042.912
893215.2366
832691.1781
885249.1825
715460.4683
1509962.022
1942640.265
1175289.161
1675523.367
886321.0236
497368.0368
542596.9895
1422004.011
1491290.049
1279279.8
1838984.44
807916.3134
1076602.188
1232872.356
1038153.949
1140209.078
1305101.774
1044017.432
906543.7654
1200888.773
1412619.71
1109260.854
1347202.578
1796531.903
960904.9954
1255736.409
935061.3093
1116680.146
1519415.353
1788786.456
1144319.076
1148508.025
1029273.279
1543966.426
1029951.81
1286974.697
1169736.791
1268421.104
987973.8928
1128895.125
1770681.132
568842.5356
821598.9852
931733.3639
1218635.851
1626659.96
1298476.895
752357.2824
1696339.544
1578146.34
731715.2643
1009854.705
1111655.906
1626125.166
999970.6794
1295967.387
1545864.166
1360910.728
1644923.078
1435769.769
1528987.325
1373106.567
756216.5758
1413105.495
1440317.763
1212276.357
1356539.507
1056225.686
1384787.457
1194440.286
858159.6196
1471031.421
1626592.991
781524.1764
1329521.139
1210826.773
1259163.065
1497377.181
1159699.966
1556256.437
932616.0682
1842065.953
1414294.898
1285019.137
867044.9596
1077059.156
1088634.962
494609.0334
767214.7961
1658571.864
1308508.119
1217021.519
940229.2343
1208458.246
2082236.244
1081497.277
813726.1138
1016301.443
1782803.869
1095035.106
2187326.443
1366668.185
1727592.637
815190.6526
1383508.062
1122563.819
1059113.721
1480441.534
1016871.415
682632.8049
685775.598
939139.0293
1730103.133
1296432.785
1825071.452
1126085.139
729989.3499
1183272.511
1128842.209
1009831.135
1005392.419
983534.15
1626893.547
1379671.075
1299327.433
1162191.791
1056562.595
1295099.437
817938.7774
1053966.425
1427890.046
1226440.247
975921.8634
1664147.639
1517922.272
1132662.215
1447671.675
1220591.006
1186662.514
1244789.022
966576.0202
1707494.922
729641.7409
1235144.096
1278618.62
1084011.704
1786085.751
1096938.428
1606602.684
1346969.103
852703.2637
1084763.03
1133814.078
395523.2461
827268.2274
2119176.262
1629573.886
1082370.171
642809.9667
1036277.062
1921028.57
1076032.554
892039.4035
992566.6233
1562887.225
1567859.073
1593331.709
1079408.595
2001910.216
1686562.169
779962.101
685355.4168
634218.4408
1153680.146
1235226.478
1423125.541
1550181.075
1740719.107
1685967.648
858088.7188
1785374.292
1113782.468
1182887.997
1151128.915
1420070.02
1047280.112
860804.446
1314635.69
518831.4706
1510883.777
988123.7553
1490904.563
1306349.992
1628490.793
547918.3264
946821.3369
1074369.777
1468752.657
1094879.773
754960.5528
1578760.808
1433006.645
1794014.298
1373022.244
961311.7292
1398466.628
1676172.305
899466.5749
1658695.141
785460.6977
895441.0221
1442674.185
1324022.025
671671.7145
1065953.376
1124800.012
697840.5675
1646565.054
1416648.297
1072891.083
1217320.703
1096173.168
1216307.146
1621035.903
1445804.832
1417957.983
677277.5966
1410814.985
1520371.008
1086716.796
1647216.594
1203623.841
1715743.409
1267714.149
1564563.568
628870.3456
1534156.311
1041896.851
950121.5621
1377275.179
777733.6134
702321.7523
846052.9112
1390870.095
1394900.985
1779858.274
1754866.395
1160397.822
808373.703
1277172.476
1026126.584
469016.2478
962551.0371
1385749.141
1605398.572
1196254.118
1879797.72
1271752.432
1876746.487
1109586.411
1560270.485
1572814.863
1465223.509
1049672.249
1231157.255
854812.258
1250494.74
962183.803
1864670.074
577104.8149
1016187.104
1492965.733
1811265.523
1083745.372
1292979.365
1155513.175
1294069.533
1159147.109
1469561.675
988746.4206
774491.6533
325195.9428
1477595.999
1483808.337
867444.7049
1420858.824
680982.7688
996996.3554
1439028.521
796910.7112
1166158.185
1055548.676
1642051.832
1734239.138
1193519.508
555755.6568
1244631.519
1768036.334
1047452.508
1038330.039
895600.4237
1352018.254
1128045.105
1268570.809
1061517.709
1724733.025
1660975.171
1797621.22
879511.1964
1565151.545
1199128.404
651787.9705
586381.5473
1151741.155
1279051.669
585531.2381
884227.2099
796666.1224
1624842.124
1559997.151
615506.8011
1533492.797
1239940.042
1308465.24
1430813.413
943404.239
938420.7846
1206393.181
481391.6433
1144641.819
1028636.423
856931.5284
1742566.006
1617114.944
1364029.168
1702526.056
1375105.346
1174779.158
1126778.414
1095727.673
680418.724
1506798.755
1185935.641
2024121.461
1562842.638
1851065.497
287307.5837
968280.5181
880084.7004
1685368.164
1169547.521
1613814.875
675919.6816
1688642.679
868435.275
823941.9221
601007.3512
1144901.266
1069827.807
944491.0396
790721.3678
809486.7099
743393.3473
1130293.597
1867050.536
1043548.609
646198.2245
1656401.837
1214563.15
578396.2215
1344651.574
2219724.162
565680.5528
1091928.616
1229702.948
615144.8986
1469237.205
1205212.292
1377430.072
1037382.577
1073857.069
1448081.251
437436.1382
952912.2012
1123991.977
1440897.412
1648201.728
1390990.849
1406437.685
1703880.22
1553459.364
872595.093
1030324.919
1194113.694
978103.6192
1224186.696
1062877.883
1023943.775
834599.9392
596350.3507
578142.4703
1578087.139
1285098.691
1520263.756
722115.1243
1085103.003
1037033.039
1316206.247
1137069.307
1248689.601
1939603.131
1048800.651
1028275.104
642646.439
1812209.137
1139959.933
1673538.169
1324845.863
916717.6047
2115010.704
696014.4677
2021310.792
253185.7015
911247.817
1573288.818
1463383.487
1366854.241
1347904.395
913397.0869
1613414.233
928563.8216
994654.4094
1434144.261
1382787.325
962591.6566
1373528.558
1558639.881
1533815.882
1791771.289
1274983.648
1176437.919
1530172.525
1825858.255
974599.9588
856261.6152
1903533.084
1629640.53
1192672.334
1068856.227
1535844.896
1033155.329
1530013.449
1131225.76
1347225.945
676738.7155
1437755.772
744741.9093
1230628.986
1976170.089
1033864.635
1558572.243
849180.846
717661.556
1187090.948
1326946.725
1245785.051
1331897.457
1472337.699
1130221.298
907462.4512
1581817.407
1441576.847
820250.3895
1293461.798
1288122.624
1361007.562
1084427.093
1638094.538
1197437.344
928210.7615
1367619.923
1486401.321
1555510.38
1434240.356
981785.0592
1005431.451
1346049.656
942397.0665
1812765.957
981559.8117
1914509.521
1034366.778
1795222.736
965491.8698
1384802.464
1902814.527
923830.3349
1074646.865
1069292.327
1065679.121
855667.1793
985462.2455
664298.9713
603714.7886
1300133.967
1095391.799
1357797.91
730739.419
1115627.78
1204753.002
1441526.837
1336743.383
742705.2667
1150438.949
1326846.699
1252663.621
1359762.694
1778013.334
1109059.054
1038939.523
1003701.05
1086829.246
1727982.987
1133139.926
1460758.626
1900789.237
1157759.465
1603075.237
1218264.021
1002023.358
742016.0552
1023862.984
1578136.165
1121093.175
893802.0888
955165.6126
589969.6429
763874.0645
1513223.535
1036338.239
1075723.51
1086708.661
1381272.881
691854.921
862376.7533
667428.2537
624244.9444
1282365.462
1479063.214
1342067.961
1538039.599
815593.7638
1391159.434
727366.9474
1053484.869
1519928.485
918533.6164
1523801.748
1020041.747
901752.6805
369433.355
1318058.063
1060966.741
1584615.574
814378.4821
1536208.366
1388209.219
919963.0086
1978629.875
1928728.792
1520956.997
1414259.775
826483.7133
1079951.155
1545961.608
1374117.067
957806.0027
1096543.306
1412806.286
1527961.835
1340074.653
880851.0552
1324470.441
1034539.831
1079000.316
883021.8964
1434835.953
670734.674
1228978.233
1210046.741
1446978.86
1872191.548
1270963.563
1145804.269
1574211.649
863448.3924
1805502.34
1312637.288
697212.3669
1475349.552
1383783.912
1166602.408
934744.0335
1625166.648
1268964.795
1792753.5
1434323.825
1532644.849
420122.9995
825178.3506
1112294.776
1639099.378
1162854.552
803270.1278
1103485.707
1005946.767
904789.6122
985059.3058
1430641.632
1147442.952
1046818.07
1501303.964
802846.1223
1005089.894
1288199.153
1364194.94
736897.4095
1592175.512
1169050.985
1227659.772
1261491.425
1238929.11
1031121.814
1571848.231
1223915.253
906011.3853
1365945.083
1152145.912
1455737.135
1537864.882
975913.1051
1401560.917
865816.6759
1076438.975
1166333.887
1638541.939
1138885.104
1300389.351
1239318.131
1168126.213
735660.4558
1066279.879
454234.3344
2092949.861
1245947.102
709348.2237
1500472.827
1641749.651
1235750.602
1730662.393
1299673.742
1250958.248
1554301.938
1493623.416
1419158.959
1910484.642
1578319.89
1200401.989
1566015.431
1218200.812
718869.4006
919207.0276
1397680.241
1630438.854
670063.0223
1406435.806
1524968.147
1509929.832
795507.8434
1218509.145
1082825.638
1924561.807
1107031.246
1191261.869
1071013.257
1245749.594
378466.4202
1267986.688
1265760.2
1185616.34
1156853.365
1038177.045
1385776.507
1236308.28
819027.5987
1433493.802
1794212.186
752842.676
1690540.682
1086181.753
334485.1931
1096912.036
1628830.08
762402.1788
304239.2824
880214.2119
691941.3966
578593.5339
1798521.605
1086735.913
936553.7043
789632.6932
738431.8311
1254912.463
1566253.096
395901.2501
1028966.368
1816152.267
1459540.133
1223261.462
1272180.197
933306.2877
1130108.023
1795428.774
911901.1553
874572.1627
840682.6089
1473071.954
887016.9764
1102062.098
1473372.164
1092701.392
1044999.343
943668.4824
1535781.394
1742350.962
1158171.725
1585348.095
1618721.138
1228532.301
832536.8854
1273120.259
899186.1569
615555.4936
679922.2521
1511839.355
1168845.815
1151406.784
891661.6959
1055417.658
1336858.51
1632943.349
1590336.417
1668905.285
1670256.59
999408.2511
925163.746
1375215.062
562839.4687
1844929.156
904497.3171
1479603.756
1094574.185
1235681.793
1156979.915
1545507.565
1342997.645
1178846.066
1335830.792
786430.8996
775325.9163
1238396.412
1317467.582
1384798.011
1504315.619
626085.933
1057308.29
1095768.733
1630434.841
1109559.852
987026.3707
1296121.432
800628.747
785399.1395
953819.2096
1299924.798
1328586.29
1551390.379
533386.7712
1501103.493
956764.0141
644142.4757
1392313.726
1189069.105
923971.5832
720059.8348
1309938.767
1196996.681
959102.081
1735416.921
1500481.76
1099351.354
1460364.3
1371640.932
1739761.373
1143672.825
1113313.409
920747.9113
1560615.501
1023595.113
1577462.034
1366405.972
1403802.502
1431406.513
1167626.736
880402.7569
1428693.93
1301935.92
1506656.826
866689.0912
1017105.371
1480328.345
738411.5218
1314245.82
1587622.641
1124424.927
299863.0401
873515.9385
1083187.427
1598593.733
1798927.098
893541.4569
1032043.212
1412776.577
1621700.463
1343162.637
965074.8047
1253609.764
1399979.667
1451658.877
1032346.87
1201110.294
1185160.861
1641226.584
1203094.09
1343394.634
1213852.473
581200.0967
877566.822
1843979.304
1113647.87
1120439.365
1694139.127
1197307.146
1168822.817
1233484.477
1455556.466
1063182.696
1152046.592
1555184.581
499548.0114
1405495.71
1151211.909
1362436.154
1412501.246
1249669.628
1184527.374
1557914.89
1169265.146
449728.101
1295918.333
877822.6629
1271340.381
1410010.994
1140187.681
1547888.633
1813996.933
1063130.946
1280276.424
1194515.338
1399892.256
1601482.767
1540997.886
1107077.913
1922406.383
1261761.231
1232992.841
1640359.139
1020536.191
1577849.524
962069.002
1073347.545
1609092.318
1727453.155
1474466.88
1633138.098
1629345.787
980049.3901
928538.7848
583016.7919
1659170.513
1039332.667
1599996.961
1059406.13
880132.844
1251873.624
697656.5924
1075314.593
1283151.802
1213351.632
793894.9732
1524621.728
556839.6371
815569.5956
1137060.067
1058610.752
971200.2426
757719.6586
1375951.064
748322.7082
1257101.593
1485912.925
696139.2614
1595663.474
1065907.081
917351.1356
1675123.16
1305070.013
1560693.098
1189981.402
2108376.166
1475734.217
961354.2877
1955253.711
1626368.667
1409439.064
1604954.723
1745516.171
944032.4773
999826.6093
1260814.432
1120943.339
1111307.065
1736401.61
1340769.768
801348.5895
1324382.176
1340343.857
1518478.033
1910585.052
1823498.407
1406865.495
1203850.104
1020095.914
1194357.406
1211899.666
1378937.877
1260241.396
1197073.445
1275143.168
885204.9787
479500.5568
1263720.518
1568700.586
1381830.779
905354.914
1060193.786
1482617.729
1030729.583
1198656.872
1298950.48
