7.009188143
6.730821019
8.51272743
5.586728665
7.839387785
6.104512439
8.147759585
6.620477995
6.393120981
8.167688003
5.0427468
7.467627404
7.250029317
5.993187901
8.406417715
8.517512711
8.219771123
5.097009554
7.187773835
7.091808104
8.011897853
6.517175038
5.478087731
7.150536572
7.748681606
7.312879971
6.992698757
6.988753539
4.242191302
8.273697078
6.686686133
6.290820167
8.591923294
7.333554072
9.289854372
6.593045604
7.780836693
6.756453856
5.426902859
6.713905445
5.034525352
7.555660721
7.60683155
7.634318731
7.440505218
7.204639709
7.537182365
5.928223473
6.919204136
6.252454805
7.252665322
5.831738973
6.30611635
6.445456691
7.31988553
8.022469239
7.42559746
7.18252748
5.096917456
5.219754029
6.91174261
5.731824125
7.325973781
4.580839921
7.007676166
6.515149877
6.717844306
5.919230725
7.078583745
6.261535284
7.168662411
6.898846569
6.561520216
7.021252354
7.327325343
6.766444664
6.594592279
8.290419813
7.070409541
8.516160048
7.276308629
6.704201604
5.963031884
7.100753432
7.863127437
6.971331701
6.937127028
5.521489299
4.500165348
7.658576339
5.44895603
8.258634923
5.809147306
6.640032004
6.850361008
6.578352074
6.736974131
7.834099801
6.31648002
6.038487979
7.173425885
6.001261362
6.506374302
7.064811136
6.734045416
5.897052836
7.531143012
4.414380866
6.159705222
6.291600796
5.855972309
7.754357545
6.417572622
7.984335122
8.776160034
5.580905937
7.322709774
7.135063347
6.611096005
7.916386397
7.760732555
7.254217433
7.738295553
5.164865476
7.91617166
6.634954066
9.468766369
8.485778263
4.725325117
5.894411949
5.661064127
7.871352644
5.650900286
5.381038359
6.761631408
7.210123361
8.920333221
6.262825884
7.187432975
8.425112895
7.204368895
6.690894899
5.305000412
8.492901229
7.788267986
6.675937268
7.811724471
5.671136343
8.320351986
6.91419577
8.097044285
8.076943604
6.774986419
6.818670754
7.481321112
6.669888411
7.3313301
5.385339778
6.952026674
7.418750603
7.173698882
8.199615241
7.748248953
7.311912321
5.240300887
7.088992691
8.877240042
5.935909326
6.69735801
4.652717554
7.610720856
6.703917223
7.777279444
7.04524851
5.475252653
6.476007341
6.668979774
5.57471435
5.681833507
7.213659075
9.180401429
6.733084867
6.147907596
8.517401059
5.767366136
5.636779395
4.788380207
6.916808181
7.429639244
7.805903702
6.020201205
6.194794325
7.259286709
7.831766476
7.090050637
5.521216371
7.235191288
6.290305888
6.624951289
8.003006746
6.356258719
7.879588245
6.396268006
7.636653827
6.68823017
6.375371505
7.166501646
6.144038119
6.888205629
4.936329009
6.029160867
6.183440077
8.197289421
5.370386614
6.566175293
5.905024344
7.293476754
7.325379539
6.923618932
6.94910892
9.054709888
5.929733805
8.437966416
6.851535828
8.522538378
5.678555483
8.942797164
9.524973612
6.844150153
7.94387972
7.737095684
5.790005274
6.294054951
6.964616002
7.833081192
7.163517523
5.355113624
5.501755138
9.710216896
8.204552838
7.114083652
5.736029404
7.719652764
6.828247305
6.060884656
6.936548024
7.648386114
6.765832563
5.687062576
7.057757992
8.051118256
6.768229399
6.361238405
7.162322376
7.015317326
8.365074594
7.373850919
7.883780977
6.032795265
7.541807496
7.088385883
6.275371125
6.325363471
7.6171181
7.002864274
7.207172822
8.933119985
7.552269769
7.234479887
4.954387464
7.472966963
6.16923837
8.259044318
5.336841156
5.579766055
7.265462684
5.648555397
6.036621215
6.633757595
5.428846667
6.630909086
5.518835024
6.333616932
8.274063584
7.887775836
6.876150329
5.783612779
7.570447111
7.641107312
6.332626733
8.184510518
6.952195766
9.086807717
5.564352875
4.807387458
7.201635799
8.960742515
6.868603895
5.186852796
5.807401479
8.297556745
7.979877824
7.285434147
8.965705366
7.482571479
6.249192235
7.058764828
7.316551003
7.698007536
5.652694477
7.447318296
5.464338971
8.018121333
6.829667441
6.891969493
4.651974294
9.02450267
6.650904529
7.879677057
6.974804487
7.650205974
7.337589917
8.430787826
5.493294013
6.462700239
8.467599729
7.375559651
7.191572627
6.916338174
7.8515296
8.245224408
8.971111959
4.679134254
6.534959524
9.442325018
6.207145314
6.979752379
5.967832307
6.350156836
5.012885306
6.252757358
5.74843726
7.282106847
7.826124971
8.343557927
8.33708535
5.450658517
6.649447661
6.048295389
6.667365547
6.908829672
6.647662431
7.00842733
6.509449186
7.524542188
7.234261404
8.599555446
6.981984299
7.162535697
7.285225482
6.9812466
8.441119043
5.810942512
5.197253905
7.863188943
6.333920562
6.860860394
6.798805806
7.332769653
7.706580735
7.392675062
7.320562834
6.232295865
7.736294493
5.538058083
7.425903425
7.027355369
8.065659921
7.282521302
5.014916517
6.010742815
7.21840033
4.9673884
7.037477117
6.22497133
7.24149204
7.33029276
5.881851885
5.740479724
7.691535725
8.017692368
7.472849853
7.063683439
7.661280263
8.219394258
7.204458615
7.958894134
6.938908153
6.23461464
7.935510756
5.630525332
7.655452911
8.366505984
8.20329527
6.629940742
8.308603108
8.971411852
7.168189941
7.421920927
8.48252252
5.360885834
5.497449839
6.264975083
5.810728687
5.49031182
6.60035835
7.109924045
8.423788158
7.111526404
6.404905702
8.56260323
6.464112096
7.124916623
7.681342023
7.035171036
7.10931161
7.25760419
6.287424348
6.133645727
6.147313624
8.459144706
5.780350789
7.138233914
9.069530122
7.188679025
7.420949611
6.261276083
6.485365977
7.105746768
7.526834227
7.992009255
9.152072899
6.744617688
7.380798426
7.266027597
8.045728241
8.837002372
7.522948688
6.725864179
4.994689786
8.791775366
7.80646322
8.672978876
7.175189117
5.761669848
6.449025947
7.884325909
8.599781516
6.618398933
7.270138268
6.896793461
7.031799423
7.153039164
7.447127443
7.311134732
9.708803015
7.502115314
5.042575354
6.285246737
8.527952465
6.029203977
6.808878929
8.869466561
7.186177831
7.626799142
8.002542521
7.698764603
7.794364246
6.766129639
7.839552495
7.267597143
5.637279177
7.13254045
7.906105021
6.641306834
7.937358365
7.349121497
6.764442872
7.289358525
6.368791728
7.481091173
7.199332031
5.57526046
6.346327564
6.974340367
5.987896444
3.236194023
5.227988168
7.203915755
6.431430338
6.083928892
7.336340464
7.630184981
8.583309247
7.110696223
9.462719992
6.299807262
6.458296196
5.64536314
6.050791519
4.458940625
6.699021847
6.470649695
6.66750525
7.889947558
9.166350403
7.756919908
6.654884952
7.474265068
6.914308887
6.8242861
7.483565029
6.703125019
6.41017391
6.807331848
8.675574518
7.009803231
6.699206813
7.378950007
5.1947819
7.146514915
6.337285588
7.719301234
6.867242299
6.363084014
8.621772096
8.756044656
7.531227671
6.912506242
5.856581441
6.105858132
7.758415332
6.913134346
7.783690871
7.579479162
7.12451931
7.205733258
8.182415082
7.991329323
5.903083907
6.222862551
8.509775274
6.565375468
6.747509818
8.504044902
6.132714372
7.498418863
6.906695715
7.351397521
6.231167774
7.572943157
6.873655818
8.493990921
6.240884739
8.05074733
7.543276404
5.070184059
6.119832859
9.410156957
8.205980045
6.075797822
7.060329951
8.301310137
6.506991389
7.340614471
6.084508514
6.795504431
6.40694457
6.393980784
6.677087285
7.75175405
8.848999368
6.767455055
5.877785179
7.506903351
7.438630683
7.131393662
6.708809212
6.282827422
8.424079331
5.87583185
6.415893843
7.043611453
7.091345492
7.404870424
6.900568875
8.105671724
7.053927147
6.35862933
6.539985895
6.920409265
7.301723912
7.219763304
6.645553737
7.103157515
7.61216851
6.332676905
6.014092419
8.500956441
7.391411758
6.449323694
6.194613051
6.88291844
7.206177863
5.722587426
6.749401542
7.487692924
7.460134655
7.43854426
6.08764965
6.573968615
6.80432412
7.595486546
6.474248437
7.78061454
5.842130449
4.807452587
6.511808719
7.562436938
6.229360043
5.768682534
5.988527098
5.569340161
6.673256383
7.40360063
6.708181952
6.871037561
8.599319668
5.379363225
5.216144084
8.460741393
7.438335529
6.529723046
6.475843395
7.148236136
5.654256368
6.965764486
7.658973254
8.177970777
7.766273201
7.346028356
5.548952363
6.429240597
7.193351833
7.630095678
7.03104064
8.058463315
6.990591389
6.182842582
5.652140784
7.556496736
7.50901234
6.542681826
7.753369654
7.337229454
7.3729051
7.089957773
7.097598214
7.983210474
7.114040067
8.005585409
7.226648713
8.764793543
4.869230945
5.584221042
4.43244788
8.296472748
7.172294917
6.370539309
7.107708222
4.985136207
8.542278467
7.341589191
8.426960904
7.575850909
6.979466291
7.400270375
7.790517503
7.36243939
6.941237828
5.336456813
6.492639033
6.735937383
8.518608175
6.462523336
7.354176826
5.259695412
8.70703545
6.77289269
7.106488519
6.879693934
5.740486568
6.031407265
8.216773467
5.861576421
6.49408094
8.480848339
6.220975939
8.048969161
7.126592432
7.336633321
5.871745805
8.032757197
7.554406493
6.178077704
8.222633273
7.957794538
8.190954956
5.564721388
4.7844429
6.942989831
5.870545006
7.528388439
6.674787231
7.387976068
7.381224842
8.285496304
6.571301756
7.397905268
7.041855436
8.019014599
6.709152749
6.652975581
6.842773256
5.892953879
7.705864803
8.244632763
8.489496905
5.370162144
6.684680096
6.180845251
7.006551311
7.518827433
6.412060235
5.995248573
7.410521157
6.508818009
6.139857974
6.251224246
7.647020069
8.720522984
6.409772532
8.235833085
6.441014974
8.29257598
6.876103638
8.583188696
4.947302123
6.724241154
7.019923508
8.425840675
8.32510576
6.830251968
6.586596188
6.819864844
5.796622943
8.53440979
4.811622635
6.368278688
8.091053212
7.657627412
6.533764769
6.559628742
6.79627685
6.913781564
7.809918772
7.746836473
6.232450675
7.316483227
5.335758659
8.457362267
7.844325517
8.225972138
6.464254235
6.967134875
6.426074813
7.010253183
7.445724233
5.110956386
7.083483134
7.5514293
6.988851757
7.368073057
8.101403538
9.570048159
6.363733643
6.528068683
5.945896722
7.639188434
5.185860953
8.699543873
5.921215989
7.647121762
7.245610106
7.347449707
6.602560307
8.234530691
6.875062831
5.78641233
8.369451056
8.035623147
7.928356117
6.660626274
8.692723427
5.932069891
7.117112139
5.936286875
7.520857506
8.791163731
7.874564489
7.015781826
7.304337593
7.197069085
7.773536289
6.860745166
6.119878765
6.769516686
8.100920819
6.010627933
7.424722959
7.143813449
7.748963785
6.323822116
6.844399336
7.124513456
7.119862076
6.311314926
7.136285579
7.176352932
4.658690271
6.456360286
7.852066885
7.709617653
7.13125578
7.047435339
7.600015977
6.650801681
7.938421221
6.085627686
6.842533838
6.682731041
6.715733778
7.049997801
5.627387829
7.791948979
6.160323135
6.166052316
7.772294448
6.927319958
4.626558167
7.880521416
7.340992379
6.25906992
6.228655544
6.869613492
7.744385348
6.596280173
4.707758996
7.510711574
7.063085614
7.877403593
6.992732532
6.821687363
6.782860704
7.266475345
5.725266904
7.52809801
7.015252974
8.203353428
8.00318507
8.039282316
6.175147479
5.728597316
7.406529543
7.458554034
6.227752216
7.346570952
7.865276959
7.267249766
8.598246883
7.200581808
6.747876001
6.799866021
7.256935779
7.947610774
7.067327828
7.456185045
7.046825652
7.348649923
7.377845327
6.537351508
9.179993536
7.236402011
6.386486309
6.265051496
6.489267832
6.110191694
7.857343016
5.91001256
7.788138382
6.956937821
6.079424489
7.181116046
7.021787448
7.869974067
6.767066347
7.060080868
7.614217985
6.122465225
6.142730956
8.039700873
7.879544727
7.983172003
5.942275646
7.392164066
7.55757585
5.861133737
7.13508385
9.098979835
5.627663434
7.856053644
7.915452714
6.185950711
8.201423572
6.59669477
7.074322473
6.414579249
6.78153687
6.53014678
7.531572717
7.628030848
6.858624507
8.303301694
6.311064909
8.061729885
5.884307666
7.681443787
8.090746781
5.086433684
8.749000788
8.678774415
6.866564918
7.299320698
6.826893598
7.103995531
6.341246108
8.46138084
6.225548367
7.601754384
6.59799426
4.705015387
8.327776474
9.039381544
6.330243408
7.98951567
5.945759611
5.945900039
6.281916393
7.181912393
6.490128894
7.32160966
7.946184619
7.648730581
6.25590011
7.459908516
8.657342635
7.476142093
6.583251654
7.096839816
7.004803041
8.419559831
9.699773329
7.494591244
8.194305101
7.679230572
8.04578157
5.759739522
8.810883649
6.953525108
8.931184559
7.882700548
6.844556793
7.174165695
4.993759778
8.012062753
7.571808331
8.023288282
7.375616033
8.765481292
8.450083754
8.109865287
7.496088659
7.731386357
6.15177134
7.672937209
6.130976571
6.825129553
7.111496767
6.825453188
8.339420059
6.914477692
6.772989767
5.907901094
6.29716031
9.079234562
6.739136455
8.428816539
4.713907065
7.672624694
6.107278834
7.129029836
8.456793269
6.175532974
8.723667665
4.774978251
7.29278248
7.372989952
8.783143977
5.937846802
6.6449069
6.396693318
7.0392267
5.298417823
6.980713061
5.78726116
7.642843664
5.112099012
6.322715919
7.451826651
7.116655028
7.758691601
8.494696638
6.340960207
7.372744223
6.25899478
7.568819656
6.909074636
5.066614326
7.945878305
7.328415491
6.248338851
7.642973331
7.067574669
7.429202325
8.47291577
7.873575892
8.78790783
8.885191793
7.706760787
5.758391006
8.261632226
6.803529579
7.310473469
5.876852141
6.007780226
7.34670366
6.675121348
5.055628639
5.850243433
5.343181926
7.867622397
5.543896647
6.843022938
6.213020579
8.306304082
6.091630777
7.822847038
7.403375101
6.592119906
5.486194341
6.298966339
6.033643138
6.454836099
7.664160226
6.140596673
6.662371844
7.156463409
5.706925272
5.628334764
5.213234052
5.637925148
7.282679841
5.675535153
5.572610331
6.960605519
8.0911663
6.609395871
8.335806592
8.044576292
7.658408706
9.047861281
6.110021469
8.453261625
6.746500585
8.254120394
7.808643282
5.870675013
4.377965509
6.587236568
6.658163483
4.049320548
5.478595655
7.309721788
5.833625637
6.842294506
5.220527709
7.468447701
5.441022978
8.88036332
6.577160392
6.135518448
5.917064458
7.33156687
5.600072675
6.963085077
7.805954394
6.024768371
5.585896782
9.108893289
7.920511375
8.409302633
7.793745989
8.783750005
5.860630265
6.330875764
8.02345257
5.935618621
6.802139151
9.145614111
6.503945884
6.933969226
6.191885162
7.670966483
7.565735158
7.483347141
7.246699864
6.804130904
8.103829663
6.529445635
8.007304843
8.366570439
5.183636552
8.239426552
7.347288004
6.905424846
7.083957588
6.714850223
8.02971989
8.541768445
7.594528757
7.724723373
5.581040692
7.515135601
7.343874274
5.821203852
8.214978295
5.942341759
6.892072493
7.510371291
6.88409687
7.628022299
8.037072086
6.570481347
7.414641935
6.373991613
7.775335702
7.835780186
6.945083997
6.715110725
6.364756684
6.871980381
7.594158658
6.556620309
6.973151031
7.450340624
7.510832973
6.797159355
6.289812908
6.040314057
7.691026671
7.172952852
7.060692324
6.915672322
6.499033463
7.187602266
7.59827623
7.094981816
5.169303401
8.060010956
6.296933085
6.728787101
8.178143473
7.875224036
7.635630305
7.171853554
7.504901929
7.114411314
7.328435046
6.193617968
6.119938321
7.065881856
8.006449128
6.74487309
7.217068019
8.228464157
7.241035565
7.894150415
6.412440489
6.102667947
7.346264663
6.1197813
6.365536271
4.708243289
8.020450047
7.02405797
8.877867826
7.876116096
5.703481955
5.873194053
7.985199783
8.553343472
6.293756864
7.925986271
7.305647049
6.357873553
7.212451501
7.658264876
4.630230328
8.680403583
6.308777182
8.289254005
7.215354749
6.481651399
7.85138367
7.683749076
6.406117577
7.684911701
5.664879908
7.162372646
8.5050868
5.725930316
5.845243834
8.318443079
7.666779637
6.915264205
7.586942826
7.508754673
8.606953993
8.465664367
6.063933311
7.784817971
5.736896365
8.509336774
5.655271415
7.827748483
5.580975022
7.803351176
6.653459081
7.981941647
7.432141763
6.295968675
5.807509527
8.698234807
6.059717136
7.494758368
8.513970633
8.027166288
6.809012996
6.231330171
7.003715445
7.350130839
5.889038038
6.835480534
4.620870486
6.728670338
7.487300003
7.647145425
7.165037719
7.065709574
8.958300172
6.776983485
7.102109113
6.876883493
7.993383501
7.046225211
5.564071863
5.560293965
8.177380329
5.96631833
6.007036494
7.333742044
8.861871792
4.956271805
7.502955795
6.674060503
6.473828032
8.11018676
9.067212171
6.428539208
6.876552908
7.306146377
6.580437421
6.408996608
7.768933628
7.424003894
6.606602317
6.649610243
6.380818199
6.457118896
6.501809752
5.136280126
7.969953133
8.928096102
7.034765988
7.001099727
5.931333447
7.253842719
5.959743409
6.747627878
7.399011014
5.873084078
7.513012843
7.877242793
7.303732185
7.545438447
6.619484577
6.634890167
6.963875476
6.439048721
7.089930194
8.629541561
8.553895393
7.584188396
7.598933045
6.477494893
6.486461751
8.252002288
5.57541385
8.197046931
7.841066299
5.632025807
6.32000113
7.212339702
7.974419343
7.327671148
7.54168795
5.336778219
5.753579051
8.006614296
7.162284528
7.792875895
6.868290757
5.52758659
5.457060935
6.907296632
5.790228359
6.811614747
5.411953103
7.147346333
7.104610565
6.72443917
8.416866964
6.753219361
7.721937078
7.090924494
7.036667012
7.281183442
8.02778505
7.798048421
7.559136434
6.962139586
7.496476798
8.058236768
9.32133413
7.405887952
7.33696283
8.005913674
6.169512175
7.401814643
8.854531011
8.204047154
8.156580335
6.702655681
7.295573322
5.108517592
7.690169183
5.672823579
7.882091495
5.43258873
8.213717355
6.611314226
7.207150836
7.343435592
6.004365015
7.640040242
6.463455068
6.509836777
6.211583196
7.617082958
4.406835938
6.69972914
6.93275635
7.842278374
5.709652814
7.053248076
6.727120954
6.600855739
6.728642775
6.236005985
5.982669477
8.084123474
8.133307932
7.167066817
4.129733361
7.573134684
6.491297609
7.098708924
5.943765122
7.559578681
6.061395449
4.69394693
5.571042791
7.610386208
6.771951062
6.885661622
7.533218756
8.258065887
7.582601532
8.000120823
7.511383044
7.565060629
6.490281845
6.713334011
7.802437608
6.909676901
6.801278162
8.452274921
6.176659565
7.044911118
6.449420818
5.709671826
7.194271726
6.599789184
6.088335078
6.658310366
7.869698636
6.711383337
6.572367699
7.385555041
8.264121726
5.729563124
7.010051889
8.038649955
6.606743697
6.376060218
8.195579098
5.728417583
8.328555995
6.806536055
6.115470081
5.563805068
7.035223614
7.343427611
7.080153739
6.808714574
7.912674755
8.298090336
7.99448863
6.561204277
7.665643101
5.218507156
7.701407169
7.739400146
7.801897069
7.481930316
8.340524425
6.604115958
9.404851241
6.614439024
5.786855348
6.514700261
6.289606881
6.977103332
6.373969072
6.988817742
7.881143832
5.34005839
6.734748724
6.976381319
7.427873073
7.40003792
6.440255755
7.100443568
8.589659889
5.116256419
5.899690352
5.364679403
4.747499792
6.859309643
6.813649608
6.274272191
6.849294596
7.121999355
8.051738727
7.824070198
9.141241979
6.993422378
6.80310024
9.428035064
7.650712389
5.64764585
6.400685049
7.753988755
7.462821323
8.33451397
9.502520111
7.060947189
8.282587474
7.845971202
7.072024549
7.271163222
9.794898314
5.40860478
7.536187342
8.043199844
8.852673819
10.75958834
6.210030142
7.419542404
7.613237025
8.47338077
5.962612283
6.288751536
7.347941423
6.220692269
7.253737124
7.267847632
5.913453615
6.682487909
6.194068363
5.300989403
6.999579342
8.75087217
7.088619391
7.397590147
5.495635406
7.282537332
7.854884014
6.931703177
5.178628479
5.715441059
8.608456811
7.551058857
8.274193678
5.908601199
7.665601844
5.667117321
6.80690822
6.989189234
8.351675153
7.734862028
5.865544034
6.031560914
6.465128863
7.132170434
6.84053592
7.09020352
5.986455183
6.154788048
7.836759091
8.382275147
8.391225256
6.134831392
6.572988175
6.257289049
8.040754516
6.774004675
6.571655417
7.773969252
6.952699366
7.984941298
6.986339202
5.617544353
7.614547384
6.610356603
7.128709606
7.427780103
5.960675668
5.921795631
6.548997789
6.784153511
6.767379403
6.404475409
7.129217811
8.062651631
7.025588107
6.503331288
8.084430401
7.346448516
6.754620969
9.359022454
5.832411835
6.164151449
7.775049238
5.139219089
6.756554547
7.770046179
7.962687651
7.798975121
5.539636424
7.896371961
8.06369476
7.483381611
7.175401501
5.987958372
6.239560863
7.521358532
6.83423618
7.583527004
7.953781094
6.561958811
7.629224694
6.263176695
8.337627487
6.97573331
6.287213171
7.266297176
8.335418626
8.050035966
7.127673979
7.360455285
6.451146228
8.763599419
7.670800219
7.399877695
5.614572016
7.282240151
5.596366581
5.875689352
8.636107723
6.173060324
7.723659864
6.245523075
7.374606574
7.907488631
7.083621576
7.00318762
4.729553626
5.014301356
7.87230271
4.794561406
6.091906
6.845532332
8.077577938
5.660253117
6.750871993
6.881398143
8.205294206
6.394093592
8.983474499
8.246621014
5.734998914
6.178535053
6.541375695
5.911953083
4.43037246
6.637068549
7.238912329
6.600037145
6.194545542
7.059952049
5.424239418
8.408981112
9.053748361
7.205994888
6.46801691
7.601621871
6.0318426
5.914977244
7.230652645
5.982743948
5.854419882
8.023025989
5.54403175
6.543412681
4.970758233
7.82640273
6.255855255
7.424296722
6.711162807
5.300798456
7.534536505
6.969909983
7.105546436
7.648963666
6.449329987
7.721848678
6.806409387
6.162871422
6.087284207
6.377634867
6.806975701
6.720339894
6.748590368
7.570722638
6.832860157
8.663669121
7.68513739
7.795214821
8.191410351
7.453195862
8.664643191
8.156727195
5.600872972
6.973586841
6.063146041
6.222769257
5.211695627
4.635161108
6.879953963
9.0381508
9.114772966
5.659969092
6.246758845
6.932106078
6.968282497
6.908681661
5.660723946
6.950730815
6.743361593
7.191444354
6.807077577
6.836747645
6.57406578
6.672672496
8.437665652
7.283060937
6.765189075
6.256624835
6.394185043
8.104529732
5.955943931
5.829703684
8.545832091
7.915264179
6.911302586
5.956463605
3.969631652
5.758866925
6.613059311
7.204937602
7.545662803
5.884169743
8.588217916
8.110670736
6.630831721
6.344943636
7.805452718
6.972863895
5.958260743
6.030097992
6.641016366
8.087219331
6.394383439
7.875734866
7.744187006
6.602617895
7.905595187
6.328047603
6.124800989
7.250184907
7.409634026
7.19729308
7.506590888
6.384181936
6.249293574
8.27693333
7.899477079
7.370410989
6.452741614
6.247076987
8.158035375
6.335377325
7.869893327
6.478152193
6.478789638
6.177536468
7.182291988
5.719328415
3.950972653
8.21719757
7.130497891
7.656511671
7.893098862
5.225281601
7.565241081
6.737995794
7.32206761
5.079670606
6.79717311
7.679174992
6.324137676
7.475337121
6.398561271
6.771063984
5.376733697
6.524053598
7.195894481
7.249122096
5.040349931
7.780051691
8.59775984
6.893908707
5.192787773
7.052194979
6.194836049
5.90492797
6.35315741
7.377710969
6.214868825
6.375204649
6.109934625
7.560732515
6.111099734
8.025349287
7.103716459
6.33312338
7.732958945
5.754531583
5.873414594
8.961105506
6.860573239
5.525708756
8.095024774
7.282469927
9.715722673
7.497299569
8.942770576
6.329661762
5.929421503
7.571221642
6.522220479
5.614293707
8.177879468
6.798878568
8.296461691
8.426940033
7.959815248
7.736373161
6.070059216
7.228602277
7.903674878
7.014314641
6.94646556
6.068655889
8.463520436
7.376389507
6.257963587
6.943591233
8.172473256
8.362731723
7.192237739
6.108848404
6.077607451
6.163236778
4.65244912
6.65029888
7.520463799
7.212254273
7.157023912
8.610420549
8.360906893
6.637287948
7.031684469
7.314402945
6.716500806
6.474732498
6.276444356
7.887473354
5.565494073
6.077188813
7.231771036
8.454207452
8.034790804
6.722328315
7.569374864
6.724826745
6.511746963
8.115599042
7.668465841
6.458904504
6.098219274
6.972646086
8.360860711
5.470050058
6.301235187
8.497163916
5.325036955
6.003521846
7.253349093
7.094253422
7.401434533
8.060545196
9.40164523
7.95998257
8.483791649
7.083527016
6.404430465
7.462080083
6.503605809
5.664155885
8.572006643
5.953346666
8.249580316
6.425835416
6.466910235
7.632398394
6.320035897
6.238272814
6.638223174
7.265063058
5.924214538
6.752228928
7.969451831
6.696267302
6.135948234
6.420641902
5.864071286
7.430563415
7.523354623
5.501980069
6.905502817
7.706538613
8.647990923
7.825850044
6.974087971
4.765903084
7.249613741
7.00232662
8.215412526
7.750643485
9.379949193
7.576879559
5.348048645
7.462577459
6.722626328
6.181705423
8.31760044
9.300622599
6.395768938
7.143542253
7.900517933
6.738385233
6.310754589
7.301820955
5.791957574
8.807527232
7.890650429
9.228808643
6.840219074
7.677480336
4.474535672
7.976279018
7.626444055
6.905514143
8.019536429
6.090956383
8.094418215
7.334991821
6.06120811
7.039477183
5.677937886
7.866833678
6.406176135
5.340590655
7.748337749
7.373720468
7.600035411
7.022529075
7.906134096
4.393191978
6.441304335
6.114323195
7.542909952
8.241880137
7.315886025
4.583646388
7.345656591
7.554076285
6.259546627
7.726406758
7.093561645
5.712521056
6.58902797
7.310313039
7.528962417
5.802756598
6.495379953
7.955950422
6.680177582
8.072685987
7.227600021
6.302285243
6.126718904
5.906375023
8.336208726
7.004693668
5.965330546
6.663189148
6.053602093
7.129235297
6.055720745
5.157097218
5.707288324
4.968281481
6.3480677
7.735040644
7.237042813
7.686869052
8.952861405
5.645458792
6.683788416
7.540403854
7.416854031
6.761698048
6.285785525
7.655160572
6.863115134
7.910268871
6.685256706
6.493899315
6.076763139
6.245655683
8.936689036
8.860937236
7.176917279
7.445576793
7.595263925
5.216166889
6.724091038
6.742738157
6.129404565
6.280863821
6.372552343
6.687532107
6.965111002
9.512477059
6.691996476
6.469594269
7.397488132
6.240029079
8.092067883
6.007381661
5.789188149
6.718960081
5.90871987
10.21990198
5.058460706
6.724711557
8.203236573
7.42841713
7.170376066
9.32025543
5.717740091
4.878874287
6.019277067
5.550745868
7.025305038
6.587975858
6.069095962
7.343475871
7.280258783
5.626159182
6.330174374
5.692281119
6.087748127
7.42863471
6.740482426
6.882272764
8.44100893
7.778314002
6.385907942
7.827588622
7.557128955
8.070274676
6.592765037
8.39274175
6.643998357
8.035729756
6.474991494
8.885629339
6.689730324
6.780898891
4.632910723
6.979307783
6.714658826
5.91711269
8.539962168
8.78453631
6.786491062
6.528579813
6.398407812
5.867638545
6.535796373
6.459429146
7.647362307
6.015495165
9.027656435
6.843990748
6.802612412
4.290699174
7.370286264
7.398003429
6.6242746
6.86014805
8.254735236
5.507529287
7.145822676
6.750151472
6.335692664
8.126888593
6.495198995
7.288819156
8.454191671
7.516683145
6.995179318
6.120781745
6.197942059
7.073592888
7.883280646
7.392177281
6.376401251
5.728607328
6.188016884
6.389380954
6.184767913
7.830472122
6.837051133
6.673142463
6.974424476
7.701775148
6.068082981
8.114656742
7.465136433
6.599607811
6.596973061
6.492893172
5.698082518
5.33055714
4.887183995
6.826493608
6.826686285
7.4843437
7.157963578
5.293383165
5.725160308
7.591328052
6.519249287
8.312282105
8.859650987
7.631447396
8.194381042
6.86173918
7.979249997
6.308114238
8.908380542
6.434935666
6.557256315
5.530624744
5.347027061
5.892268713
7.647438609
6.206156512
9.066515985
5.935699281
6.166459077
5.761823456
6.98249761
6.992438008
8.692817878
7.083002537
5.828975487
8.845689956
6.694668419
5.98071552
6.437478448
8.027765078
7.883018684
8.061237874
6.122157594
8.348953133
7.735931941
5.0586967
5.165867255
7.391549202
8.239588502
7.05780981
7.092517458
4.932617458
7.060038046
7.371143088
7.256684297
5.858797056
5.254872982
8.783063591
5.793122826
7.633608653
8.534244916
5.800783312
7.274836553
6.039377817
7.104042556
7.886904601
5.776330341
7.30628942
6.660050611
5.307994552
6.344379642
7.925612282
7.17016889
6.645741991
6.856949349
7.074909961
5.963194701
7.486757259
5.911061464
8.403683121
4.407346082
7.868771957
7.615188105
6.394880318
8.512295113
8.966905968
5.816436333
5.552289862
7.879408466
7.236661163
6.809069106
7.400706764
7.066208738
6.322610857
6.586904028
5.862447871
7.446546032
6.689793899
7.619593757
5.122241484
7.769067707
5.115945164
6.499533595
6.404665039
8.299836441
7.048169832
7.476301524
7.38367476
8.535923451
6.916142758
6.049331962
8.216263423
6.558826706
6.707691832
8.103837628
7.471432115
4.46053037
8.015034157
9.024116447
5.869941435
8.9044547
6.739623392
7.53828411
6.633944574
7.791624953
7.99832447
8.345217342
5.763787958
6.439651109
7.01533955
5.806265555
6.143545198
5.230451274
8.191502632
6.999044967
7.445903866
6.942446144
6.49496655
7.408145957
7.576034015
8.09367208
6.462900465
7.930393266
6.62923345
6.250447684
8.020965507
6.520119624
7.050241969
6.368112908
5.336534681
7.845240395
8.386485036
7.867255587
6.429997121
6.908628309
6.451213999
6.111658422
7.111451
6.30941562
8.646249014
7.572747247
7.177924111
8.847507025
7.385125178
6.69976851
8.384392015
6.193835463
7.533733419
6.410508879
7.327348647
6.982130879
6.751435035
7.377008767
7.081538688
8.073786511
5.513040369
5.911176411
6.623775714
7.938067847
6.052518255
6.794571859
7.164072584
5.783362388
7.589187928
7.874598833
6.911358154
8.669263645
6.721713914
6.445233612
6.572702263
7.083326348
7.068895569
5.388462785
6.125858572
7.022862755
6.04574936
6.079272302
6.240497295
6.845286755
8.039114499
7.830090671
6.308682062
7.931539538
7.570622163
6.452137115
7.439954241
7.148313897
8.255774157
5.939874981
8.100931594
7.703920454
7.350019504
8.181346321
7.169949702
8.745089208
6.301145366
5.332264568
5.58873307
6.486405824
7.479370722
7.305667972
6.531334847
8.123989916
6.959055604
7.550873192
8.073847884
8.317774679
7.992645043
8.737025149
6.937160087
8.399223258
7.845249622
8.440430149
6.969330819
7.606840904
7.184765323
7.390581981
6.500293441
7.766507124
7.95876178
5.004809473
7.259567833
6.016158611
7.420491028
6.951254521
5.800903189
6.31070945
7.128904873
7.154986126
5.860112374
8.482698841
8.622784463
5.407523269
9.212518352
5.577942463
6.466645254
6.212700019
5.407974627
7.451735853
7.017304324
7.383502841
8.185236861
7.247687515
7.129300906
7.387125833
8.473199326
6.924629046
6.918738309
7.504691839
6.055684981
7.377552372
7.594262455
8.521505522
7.665173458
6.255674884
8.075308815
8.460093805
7.197255038
7.002023944
9.024792406
7.096019756
5.708119193
7.009128594
7.372764827
7.726051992
6.699122661
6.65576281
5.123795284
7.038452373
6.848041355
6.47103518
7.128356949
6.544807809
6.862835727
8.777735234
7.077553855
5.83542075
7.057182261
7.06103083
5.346830442
8.061202867
7.881137518
7.591351755
8.362547848
6.509616214
7.105833643
6.557792533
6.388986061
7.791619771
8.767014354
6.230345717
5.899076342
7.695856411
6.797125626
7.419498795
8.847869264
5.800259721
5.847043911
8.560018879
7.654447412
7.079809676
7.131110205
7.602107228
6.700035164
8.854369884
8.221347384
7.394920536
5.724607393
7.295145801
8.288048472
7.337393909
7.111842354
5.865716152
7.529845745
7.42247165
6.784168099
6.935509976
6.028782351
5.829800996
8.609397578
7.382972888
5.683634534
5.645543716
7.937276296
6.586336778
6.410318199
9.841095463
7.666556488
8.544649808
7.446262522
5.258021705
6.904110044
7.034869545
6.78615561
7.427689115
5.969959494
6.233823171
7.001636667
7.076296951
8.752957081
5.355861176
6.201132728
7.760263219
7.231218106
6.593137997
6.942143477
7.696545879
6.024523188
7.518523593
6.324806828
5.139752529
7.671624312
6.979584063
7.425285366
8.003498595
7.592727309
6.438340634
5.983204722
5.908484845
6.575241013
7.632283473
6.927192257
7.42577752
5.060174794
6.437633335
6.627339962
5.859986448
6.858251904
5.980078563
7.776882083
4.878168681
6.962538329
7.670622678
7.435501715
5.40803396
7.524165511
6.938119168
8.066219896
6.096913211
5.105792852
6.732551727
7.033852224
7.392283644
7.254178536
6.38695295
5.056734127
6.677805687
6.469378923
6.847702229
8.55876584
9.001898577
6.278728815
6.677337574
6.258952049
6.649683873
6.583689353
6.230365773
6.862994372
7.009953998
6.395309807
6.868717214
7.482816893
6.251239098
6.993504076
6.427597572
8.1389596
6.539603269
7.228937922
6.847191229
6.921532165
7.321569047
8.030298781
6.739908507
7.624513514
5.370211326
7.160643652
8.043456348
8.200831779
6.353573023
8.051281302
6.297907807
8.402290674
7.082951909
7.854513278
5.520686905
8.57035713
7.33357158
6.479993675
8.530697129
7.08547679
7.225521823
5.629372721
6.497298657
7.526951901
7.492699747
7.854195763
8.338978426
7.006284953
6.370260765
6.14846991
7.826728312
7.458154622
5.617601976
5.386571385
6.858556208
5.814822648
7.759695717
8.09294026
8.574096901
7.085072362
6.889478357
7.067777356
8.299378649
8.404363247
7.45993862
6.313062078
7.778720809
6.0809811
6.108566995
7.598998513
6.823673796
7.947237705
5.531987767
7.354883185
8.022282698
7.308434245
6.797252737
7.54237823
6.273381407
6.971292638
7.632469694
5.003836368
9.034975733
6.168513957
7.748133072
6.581800007
6.662566733
6.67626537
7.410784513
5.853657264
6.927858675
5.847510742
4.583869961
5.90694008
6.5736184
7.56795346
7.142835518
6.19609335
7.580906575
6.997284659
6.861131564
5.841565101
6.484095707
7.99341993
5.984186173
7.73337513
6.549836017
5.781082744
8.146308838
9.921519789
8.126158727
7.619011456
6.861206526
7.286039798
8.037263
6.545256912
7.709022646
8.4693801
5.528943864
5.733871078
6.703754321
8.747408787
9.369370843
6.278452801
7.076943828
7.309515328
4.525421031
7.712774153
6.200115671
7.255140733
6.317399606
6.422631236
6.458755876
7.464633732
7.934351162
7.642894947
6.160888333
7.124398855
6.065900195
7.034591893
6.532431958
6.345069812
7.683664419
4.415753056
8.695313159
7.774634207
6.285206893
5.553070982
7.194020913
8.902224391
5.697630215
8.427868532
7.480512026
7.795868186
5.651019169
6.913776479
8.460541118
5.985129882
7.336151988
6.769938966
5.401786825
6.848577732
5.588030876
5.8214009
6.690464212
5.106962247
5.514897205
8.210602123
8.017889181
6.303479006
6.450620296
6.502411114
7.351612387
7.921577391
7.590101512
6.191981454
6.656387606
7.800580682
8.368596561
6.386089398
6.732639864
6.388362635
8.39948615
9.449249571
6.776273718
6.083193454
5.623473082
5.853322091
8.422240324
5.662268147
7.396697598
5.564653446
7.115186212
6.541849058
5.329030779
7.544191392
7.4041142
6.604334981
6.219018194
5.938396401
5.178078664
7.167177513
6.08284131
7.844811964
3.950224687
6.657391847
7.335984715
7.298146653
8.242756348
7.302751132
6.693434359
8.861577101
6.448118673
6.088061911
6.717020451
6.58380532
6.188287003
7.9827641
6.317906885
7.387603517
5.242644354
6.810466039
6.320235228
8.188380547
7.001947254
6.770586414
5.463987578
5.690506347
7.278782582
7.661922672
7.953233508
7.120717323
7.067904619
5.233513538
6.827278726
8.386952035
6.351662614
6.507107742
8.196511734
9.007768282
5.625509818
6.112848062
7.514610864
5.989111803
7.140330542
5.825405473
8.114826162
7.743944663
8.72269798
7.303116175
8.500981648
6.57820466
6.288488369
6.699457258
5.144709636
6.39517598
8.479921331
8.457886906
6.996336096
5.96140678
6.569732034
7.987512616
6.411871045
5.607135038
6.827891384
6.561804932
6.436541956
7.081653164
6.987367714
8.429901753
8.098857048
6.393210122
7.207985937
6.564027581
6.085444349
6.201155203
6.933770891
6.980274128
6.722967192
6.822058699
8.374999406
6.979764638
6.663904269
7.110081473
8.354961507
8.48231689
4.765058235
9.640681638
5.228439448
6.776125367
8.030099125
7.193403798
6.938066307
7.253765742
6.922914743
7.98980743
7.863971202
7.662476479
7.569220698
5.490631869
8.730904572
4.969158207
5.890387971
6.376804344
6.277831678
5.783253683
7.359194737
9.472742074
9.268966847
6.02347229
5.012792886
7.1136851
7.509335527
8.155915088
7.736952387
8.425820688
5.935709309
8.982485924
5.258696394
6.195270308
8.840667908
5.487903073
6.377310795
7.050999424
7.149611673
7.260436972
5.759583193
8.535375454
8.280403871
4.419215488
6.73390648
7.780007631
6.790149675
6.39644509
5.767253272
6.505406567
6.686709478
7.117961737
7.311785484
7.081933738
8.281878986
8.079372683
5.036428918
6.767607218
5.521846997
7.708946587
7.275192796
7.157214948
7.415416068
6.751208637
8.287279331
6.361764814
7.528286855
7.151477066
7.716666271
6.484684915
7.926372237
7.45762873
6.797869101
7.19091541
9.090851632
7.418269493
7.964419297
7.636500321
6.895255219
7.290631549
8.014876701
9.293513239
8.131984058
7.337689237
7.365504405
6.080269606
6.399106708
7.42784464
6.669292686
6.874009026
8.366067624
8.105228297
7.201823309
6.498815201
6.257776744
8.005870386
4.840595055
7.437009145
7.422156287
5.757165087
7.343420851
6.778563744
7.871982757
4.513353831
7.183912048
8.594842639
6.609634039
6.847362326
7.780985804
8.271982892
4.198676629
8.365383291
6.793215874
9.188667262
6.360722218
7.990513702
8.343125221
5.727202199
6.539577203
6.584016966
5.764141193
7.221147395
5.895335124
5.77285134
6.937166766
5.133465711
7.866082003
7.514062032
9.028047222
9.2002462
6.738533682
5.331010176
6.68477919
6.883670877
8.461468275
7.323224846
5.382998154
8.575994509
6.749488716
6.80926661
6.40733952
6.596278185
8.84477396
4.541466869
5.165901842
4.882380596
6.181227861
7.092714041
8.086981109
8.041198572
5.98022928
6.776068462
6.499696377
7.328709122
8.273386772
6.071830703
7.813242397
5.05618974
8.115024462
6.628645005
8.440490911
7.524874654
6.833955902
6.840125382
8.629268407
8.297124357
6.994015904
7.221474525
7.64833492
7.321513124
8.151471141
7.555919437
7.795375
8.382339218
5.093526735
6.783121452
7.909545202
7.508775907
6.720772557
7.064878233
7.405948947
6.774243351
5.448580097
5.838844174
8.159537583
7.983259576
9.916528435
6.402028317
4.894203341
7.499446787
6.726795812
7.473793129
6.47618593
6.744228166
6.586285834
7.24990524
4.674073564
8.103550071
6.264976849
7.1419209
6.987216614
7.276382135
7.163240961
8.363863794
6.581868523
6.678357597
7.074092795
5.63625957
5.69082542
6.65222125
6.146798103
8.07153507
7.654162707
7.23075355
6.336485313
6.431351307
6.018646503
5.362668496
6.134419623
6.517625123
7.35036172
6.100550699
7.088515213
9.151531303
7.398153931
7.655375007
6.984770177
7.794518337
8.579138669
6.542597958
8.06556841
6.445200711
6.34099626
7.358229667
6.903848074
9.632403031
5.35501255
5.097025362
5.181613804
6.611861145
7.763502241
7.332134662
7.146499889
6.650922645
6.556382369
7.057061921
7.851276189
6.563053295
7.485572515
7.113968421
6.440243236
7.488046582
7.299796422
7.215912137
6.396100737
5.280332632
6.52610149
6.82234662
4.316259054
5.987424292
7.480408801
5.482822603
7.044419781
8.087356625
6.637597521
6.219390711
7.121417616
7.26895352
8.386460431
7.309919375
8.05950533
7.259001316
6.672181063
6.596354226
8.570526058
6.925560994
6.337053805
6.09209959
7.883996339
6.229155635
7.506733034
8.054621723
6.902485454
6.924873897
8.166272153
5.89476188
5.449274802
5.419235783
5.586794442
7.812731256
7.22911211
5.723008685
6.408500539
4.959858562
6.087208749
7.432613146
7.875011965
7.232609527
7.723844672
5.68870348
7.966109181
8.562229307
6.627170812
7.180671094
8.194571351
4.990364539
6.459058728
7.063988358
7.226916324
5.839049562
7.868288356
7.508958054
8.607612195
6.949333598
7.505243752
5.232616153
7.606141984
7.505222178
7.668535369
8.25721362
6.007374115
6.00973669
7.692426833
7.223042535
6.592001517
6.912043937
6.865190715
7.530411171
7.120473637
6.771239177
7.762550883
6.205327517
6.117542391
7.220505049
5.971224419
6.206599757
7.834172769
6.035038932
7.69192696
7.365228618
5.230196186
8.729621024
6.773178179
7.026753231
6.329670664
6.544602746
6.434659153
7.896170057
6.34119585
7.294096424
7.000667096
5.977781617
6.650462095
5.966878902
7.57447372
6.797289868
5.586250787
5.892084942
6.189798583
7.006987009
5.857585574
7.239105418
6.149040327
6.33879562
6.571056558
7.999511288
7.450708574
8.718919781
6.568208037
6.174577804
5.525397641
6.42408542
5.409367878
8.999012644
7.37751165
7.734418599
8.179760004
7.500464288
7.142089207
8.078259173
4.498698512
6.584651803
6.110465777
6.888068683
5.73302692
6.086976868
8.137262993
7.92351713
8.822789405
7.249424867
7.259081955
5.585786731
8.624190921
7.784249422
6.381162196
7.924177937
6.140354993
7.426907845
6.210895018
5.871991132
8.243197896
6.156978417
8.249169757
6.560410111
7.374866017
8.142936541
8.022923196
5.750671922
8.373042631
7.627609402
7.318888695
6.019018389
7.670982834
6.908628708
6.877230219
7.33925124
6.172397701
5.85250828
7.156414687
6.642123242
7.228430707
7.015360009
8.266994398
8.803603505
7.334558466
7.47266298
6.888741408
5.144538565
5.715533352
5.906501259
8.329894182
7.536912104
7.43211427
6.621034629
6.550321993
7.132066775
7.206516952
5.960443411
6.95895315
7.555518725
6.84937067
5.758483954
7.867807622
5.577576305
6.690171606
7.786826573
6.574481135
7.314271487
7.517188956
8.707218388
7.415389388
8.69591527
6.218125927
5.860989362
8.696652481
7.821713629
8.010826037
6.7121297
8.574790931
8.48043111
5.996543005
6.345777149
6.563302338
8.016990203
7.517113538
5.546759718
6.750031342
9.257404381
5.811247932
6.011422793
7.219983523
7.58807521
8.026912028
6.891980329
7.652105772
6.931599945
7.484351931
7.6219751
7.362406594
8.521731896
8.095717321
6.977794393
7.967184114
10.28002242
6.075986807
7.459313335
8.216164236
5.816627674
7.380853392
6.305270066
6.782116201
8.536813722
7.170894351
6.165414013
5.828948061
7.432339653
6.03631804
7.297613243
6.922515197
5.783415539
8.042243582
6.017354465
6.407189449
7.0029397
6.34938798
6.832059786
6.292952627
7.092719519
7.925284353
7.333735475
6.010831169
6.242872601
8.274472679
7.353357525
6.614453128
7.882910264
8.563431453
6.472138144
7.566865356
8.309090815
7.810227727
5.882091734
6.274672884
6.885403845
8.280590627
5.941448932
5.627074815
7.534321266
6.590286607
5.91879841
7.561920453
5.516670471
7.103840147
7.043864001
5.062461857
6.31520031
8.128030946
7.8743116
6.063084509
4.626053733
7.623703473
6.226411973
6.092501895
5.78215652
7.496562287
7.179353883
7.649390259
9.118486944
6.381775609
7.175591996
5.58921062
6.564612634
7.596385198
7.056322216
7.073690936
7.70117965
5.431043508
6.380724549
5.918463832
7.816294812
6.123813004
6.667126514
6.936776279
4.980219473
5.844185598
8.637535029
7.996256278
6.526961813
7.465847143
6.55391587
6.63543391
7.182462451
7.913361808
5.94967713
7.487245851
5.895589431
6.534609206
7.559894076
4.85142302
6.404836421
6.066880653
6.468462996
6.986446484
8.787824665
7.572639285
6.276441914
6.751506743
5.680143426
6.475021874
7.149645615
7.723976058
6.413906389
6.737526662
7.424669295
6.524656914
6.223772512
6.899871596
8.425506427
6.98775067
6.139734378
7.287616224
5.378450454
8.370577024
7.118867016
6.09875013
6.132533055
7.121872007
6.794409177
5.755619902
7.464885508
6.955095611
7.222668474
6.645191276
9.926146707
6.154227898
8.303546765
7.518318249
6.737805234
7.617236819
7.189007856
6.460638249
6.70212824
9.66689923
6.999391858
5.857573046
6.794121828
6.483895504
5.640784927
7.059069984
4.621620061
7.575905116
5.635315211
5.734362221
8.200872219
8.087788411
7.661603454
7.272801179
6.909836773
7.540586481
8.007303356
7.133150736
6.749145532
8.049264146
6.271344624
6.201996784
6.468901107
5.87980342
5.843207841
5.681964424
8.811819905
8.005417289
6.975128033
6.766730346
7.534136207
7.365420139
6.730808678
7.919674703
6.587956937
7.289207308
5.831951102
7.87004564
6.686834783
5.73259326
5.274642349
6.813231577
7.314848472
8.597407439
6.250972907
6.262597147
6.70792918
8.4173232
7.707193246
7.690480496
5.355105144
6.367672416
7.400684673
5.153574703
7.466360145
4.714622729
5.963679594
6.116972741
7.485627782
6.675861804
6.385068965
7.584960109
8.937599752
7.583465812
6.448918788
5.693536281
6.449313325
7.214824119
8.078584482
7.130872685
8.37670506
6.800810828
6.571698344
5.038789808
7.383606406
4.827542873
8.737215687
5.721902143
7.776597852
7.259975616
6.174081784
7.654178577
7.141806348
7.183800423
7.301554794
7.00399087
5.561414327
8.666717109
6.35783082
5.785358397
8.106394596
6.256982113
9.095206581
7.915813274
6.241565368
6.020747963
6.45532652
7.103846228
6.736075973
8.287943703
7.693402096
6.940896299
7.102730578
6.654995285
6.699752339
6.568940231
7.411044617
7.017552721
8.044424458
8.172300078
7.754447597
6.643552
7.546496942
7.649167233
5.169596691
6.66586368
7.716688071
6.30841522
6.703796072
7.083305101
6.143235226
6.891043674
5.620100234
6.360123571
4.087718354
6.834650036
7.153136586
6.234098671
5.873583755
7.225119657
6.620743509
7.017751113
7.756363471
6.614175276
6.111174616
7.361112812
5.604803419
6.157821467
8.985750259
7.127393438
6.971686394
8.766612735
6.172489492
5.365198871
5.587997954
7.963561805
6.434120692
7.187855173
6.91398963
7.025941328
8.072516313
5.727367756
9.157117843
6.003180902
7.840697966
7.747907541
5.670991666
7.624138944
6.315602396
6.616481147
7.099116265
5.744912781
7.067589727
6.47161337
5.685407675
6.705513752
7.911243782
7.102589265
7.989123526
6.956719193
6.842337973
7.86141194
6.778065269
7.01149284
6.564422998
6.948013288
5.524962067
5.499329846
6.745663838
6.765980272
8.341478373
6.834240315
7.470672354
6.986629965
7.022722482
7.99781793
5.951785743
6.955787865
6.397619485
5.866508172
7.847375794
6.222667232
6.616011706
7.991744307
7.387690791
7.211962931
6.85478158
6.780917665
6.760958679
8.293965996
5.039587069
9.159340949
7.081973363
7.651811447
6.165344906
6.613654361
8.776660809
6.602190804
6.120623428
8.062582523
6.614586413
7.429265093
7.203152798
7.878962945
7.217835864
7.956478861
6.583977639
6.991454348
5.736700645
8.151894354
7.413471563
7.425284461
8.123284492
7.247375951
7.295937423
5.901030674
7.892393118
8.025553766
7.249657848
6.248854452
7.963480582
7.989237341
7.15105968
6.299344687
7.925650145
8.54753216
7.814858598
7.138957712
6.927331435
8.404179476
7.06226884
7.985189404
8.256744443
5.88068495
7.220010414
8.109105123
6.280358763
7.689611154
8.010396904
5.164784648
7.171983086
6.172883895
7.291728071
7.517310847
6.604815126
9.174510392
6.597951014
7.405263291
6.841803531
8.812217629
5.721618516
7.067064913
5.728891849
8.346175612
8.321753031
6.701059552
6.411736421
6.446436813
5.326505509
5.540148415
7.124166813
7.471420621
6.982778235
6.228863671
5.802397135
7.028096445
7.630982261
8.396902677
7.154736814
7.272131535
6.973464022
5.128000604
4.365670693
5.573091597
5.820731843
7.025480822
7.069743706
8.017690842
7.976184127
6.34726217
5.620779364
5.772280412
5.502792731
7.4326178
5.335454984
7.348255327
9.269452625
7.731538743
6.952632517
6.169854621
5.662264374
6.92389186
8.026935026
6.666403436
6.311452472
6.714489334
6.91893027
6.92370542
7.346886988
7.204504545
6.94059533
4.608842675
6.808607098
5.751756293
7.503816552
6.632118776
7.095461431
7.152198619
7.241312619
6.652983442
7.0257819
4.891681432
6.73937946
7.366424943
6.621723068
7.051638798
5.961239759
4.147430722
6.479527311
8.059131686
10.02437537
5.464264782
6.559514913
7.399103497
6.69314942
6.801835856
8.051999209
9.387912581
5.071111867
5.66960027
7.314935945
6.151475525
7.964413567
8.065919755
6.820051097
7.47386643
7.373787156
7.380271214
6.453815823
6.487273843
8.025891006
7.529148738
5.310761266
7.808808095
8.781110948
6.518794324
6.036458018
6.001574335
7.884560515
7.834867501
8.728825463
5.713653888
4.334884494
4.802796916
7.121938799
9.349175609
6.4694657
5.401579141
6.862250095
6.54354236
5.965859467
4.779414719
7.841884408
6.613982587
8.30426675
6.563428008
6.995307465
6.43330846
7.656969157
10.1449879
7.415805962
6.056316024
6.365205749
5.229619481
7.688318694
7.494639257
4.490071755
7.503210113
7.804221689
6.30458615
5.748082223
5.657957746
7.31081825
6.873508167
6.858259096
8.177654293
7.836796128
6.83609345
6.905806012
6.570454841
6.657811047
7.023402557
7.661429433
8.318208245
9.382365597
6.144058873
4.97716915
7.161329308
7.020757423
8.590280907
7.391576554
5.754071063
7.641761915
6.888194935
8.391016041
6.942240488
6.733598516
7.378111938
7.151434764
6.075156455
7.028824446
7.120266466
6.948152214
6.686444473
6.909326582
6.083343255
4.29822055
6.108966827
7.861659356
8.700428328
7.288337749
6.152203519
7.636755304
7.09989855
5.604893614
6.349965618
6.163614759
7.736523111
6.077955688
7.91438674
8.76342664
7.239251808
6.014719301
7.808975224
6.097469333
7.667315975
4.027930716
6.430482045
7.713449134
5.898447428
6.486821315
7.316551474
7.328273933
4.960131756
5.765715832
7.656990079
5.726046839
6.978127664
7.014834535
7.85838329
7.26151038
5.737675859
8.374680413
6.787658333
6.947967184
7.789669785
7.40908816
6.33247305
8.383208106
6.942531097
8.209029368
6.606163705
6.500233929
6.59578957
6.627467481
8.402822286
6.191056965
7.427891612
6.499062263
7.640863277
7.248681841
7.081332748
7.113702144
6.579368087
6.063734592
7.054529483
6.317806798
7.424093156
6.362455875
9.500832821
6.063472848
8.882339499
7.579642063
5.73495711
7.694546767
6.561406388
7.238945132
5.785742624
8.653682943
6.996383045
8.883171964
6.403764217
9.266826985
6.90887064
6.861010129
7.047338263
6.857199036
6.903349155
6.352985108
8.039884116
5.661512496
7.781972592
6.9961141
6.203728816
6.851841828
8.699555304
6.236221561
8.073189358
5.891707893
4.878600638
6.702642874
7.728757647
5.615992213
6.800001261
6.029291539
6.700456133
7.368314072
8.916065688
6.756785869
7.120828
7.44884654
7.272833458
8.353541655
7.834605896
5.900321138
7.915126173
6.011897278
5.29682702
7.768766156
6.497472775
6.683281712
6.230312382
6.705944616
8.500659314
6.465831691
7.25829112
6.825332885
5.733121472
6.850891932
7.411213425
6.668790917
6.346072053
6.73812855
8.621547919
7.88847287
6.420078343
7.546758004
6.925359976
5.662718229
8.217406932
7.369607416
7.771788544
8.165833176
7.832812175
5.406339146
7.749843449
4.472098219
5.891687754
6.183847169
6.832161238
7.813691103
7.645776799
8.161782463
6.802429649
6.840388781
7.684206048
6.977569052
7.296984059
8.067645702
5.954193531
5.548363334
8.133114034
7.579983232
8.050009204
8.329114583
7.384769882
6.86396657
7.176793304
8.022491297
7.628907368
6.855512563
8.732593882
6.818515419
5.605024326
6.946762926
7.035001292
5.95444541
5.849840776
7.384105886
5.233763008
5.243971276
6.998924641
5.397883695
4.904768369
6.868260849
7.322530062
5.61378846
7.152986855
8.029918808
6.79701992
7.203430374
6.644853064
5.903753582
6.71659011
6.377735419
7.343520602
6.148675305
9.515694091
7.326975754
6.912336388
6.940807628
7.817119619
6.084322475
6.020985036
8.951042093
7.053114136
6.804736199
6.144249343
6.995603466
6.980574624
7.765121473
5.520750512
8.65995966
7.307411976
7.995086628
6.075580589
7.84230638
6.469125115
8.117273777
6.00565649
6.349176252
7.189525628
9.100083063
5.960565275
7.651813065
6.22945854
7.738073358
8.726352815
5.283166552
6.178423367
6.853868332
7.750122956
7.662941512
9.287086198
5.779484516
7.565420674
7.478086208
7.813056781
7.013863953
7.575973595
7.60891966
6.364705293
5.762404548
6.221737238
7.141282277
5.536174784
5.45592987
6.880101498
7.32736317
6.864529714
6.086302486
5.939219179
6.539010241
7.197195138
7.968244375
8.610216671
7.143696232
8.231669131
6.688390329
4.958376817
7.50948472
8.69693706
6.200118123
7.31174419
7.356240218
5.421475759
7.640185777
4.384628713
7.807634187
7.788579727
7.160787976
9.536238616
7.542075813
7.18934811
7.573887966
7.558137483
5.909451928
6.322571379
6.617986874
8.154691723
6.538802467
7.15536834
7.460396068
7.552481939
5.943870379
8.5967749
6.375873463
8.696622255
9.229063553
7.8797343
7.762162585
7.955934585
7.05110773
7.456779004
7.074434337
7.960443989
6.637464725
7.420099548
7.831932215
7.717421883
7.118791272
7.840905844
7.298367388
7.035695848
5.575276373
6.514580265
6.46380818
7.700189562
8.244523476
6.904156351
5.26630679
5.622522052
8.172730703
7.61696684
6.237990623
6.000769327
5.734420556
6.929552575
6.800894663
6.69072862
5.979165221
6.335303102
7.852759688
7.326665554
7.574102606
6.137954507
7.198715695
6.657964505
6.734006879
8.812317269
8.408889012
6.84729811
5.374961622
6.828231898
7.014097561
6.294627287
7.415320234
6.243116027
8.672263971
8.680824685
8.708239446
5.055857861
7.501275078
6.382668351
6.945353088
6.780071588
6.854174621
5.959272268
5.805193228
6.38247203
8.071888739
6.678787573
7.443394888
6.777042814
7.31212466
5.28857279
7.50967935
7.206542561
6.015787795
7.304254283
7.999047643
7.416307152
6.732811828
7.842874893
6.412197842
8.502343255
7.089831772
5.457145849
5.193259488
5.662139684
5.289327283
7.604092129
6.633598721
7.885507353
6.110107841
7.272294414
7.716100333
6.204286865
7.158449467
6.196703573
4.711060431
8.076674531
8.183183825
6.002304868
5.4917461
6.669531706
5.833799709
7.697665856
7.74434561
7.503768529
6.701059385
8.423978174
6.502540831
7.609021436
9.309901622
7.262950102
5.776343122
7.518204325
7.112024107
7.002164062
7.38290195
7.925387401
5.129120552
5.872524435
8.102095935
8.137474862
6.801887465
6.442741924
9.148798841
6.402843907
6.922618314
5.580979938
5.313801866
4.499119974
6.561220474
6.769325785
7.364007368
7.06046765
7.64012721
7.195635471
6.286579479
5.211933976
4.12527809
7.346789774
8.950179039
8.707379521
6.953770536
6.08347967
6.530857667
7.474352636
9.118588644
5.922408509
6.457792318
6.053240408
7.517091389
8.092215309
8.050487087
7.508271585
7.608873041
7.145904972
8.069702211
6.103863335
7.282044029
4.923681152
5.080215169
6.476941994
5.567048468
8.013745403
5.66365786
5.36880436
7.399066489
9.507527474
6.181664334
5.548139816
7.997290565
5.893543734
6.002938215
4.565155298
7.43863334
6.568365928
7.890367053
5.532091955
8.138369526
6.890146149
6.288611418
6.970127179
7.484608383
7.877533794
6.807937554
7.736606019
7.883840411
7.609499361
7.425795788
7.812724696
7.951156537
6.612830339
7.345307871
9.002044879
8.310986463
6.701869131
5.773618814
7.871996503
7.066254236
5.519717438
7.370992683
6.215335957
6.690874868
7.002685869
4.666259583
6.813808755
6.169214911
6.464967336
4.321938664
7.224551566
6.990744746
7.784817857
5.85590121
6.98639502
6.867792808
6.784131099
6.564980962
7.946493041
6.641108664
6.511389511
7.18272144
5.61579805
6.891789699
8.416413547
7.303474997
6.265592476
6.15918296
7.035450746
5.938542335
7.455660643
7.123306887
7.157119845
4.209620425
7.536690959
9.295531207
7.381076691
7.620690943
7.905983992
7.518636117
7.470557508
7.383725367
5.613834274
6.85280203
7.731463233
7.115080039
7.521449211
5.342217158
8.79127232
5.303686666
5.372992296
7.634761678
8.787965083
8.106738766
7.222152718
7.151596571
6.783346706
8.135098421
8.243178477
7.834925575
6.916735342
8.951344401
8.217176714
5.220126532
6.822502872
7.423947631
6.844712274
7.028679218
6.063680473
9.652003929
7.147718742
8.725138633
5.053065889
6.051938963
7.065028292
6.414774565
7.486903794
6.262991666
5.546842196
7.290495553
6.929686495
7.763453654
7.308664006
5.458379949
5.416410273
7.085086291
7.624094724
5.793589812
6.122908818
7.45932335
6.718719308
6.847854216
6.700315713
5.625555164
6.665318115
7.422304752
7.345925208
7.878756751
5.929137508
8.433007791
8.454274609
7.152361081
5.771422322
7.793078979
6.756375842
5.656993706
5.67083293
6.710290608
8.952151664
5.184568923
7.694744789
6.234253209
8.04449668
6.822376992
7.860718492
7.316436479
7.691914339
8.016993185
8.120948
6.21934521
5.948392094
7.384763646
5.613752443
6.38769374
5.573351069
6.048691881
5.661759509
6.114027236
7.773270475
7.217268472
6.641954185
6.861369598
5.880753234
7.223921451
7.724147821
5.614777225
7.357500686
6.321704336
6.341021454
6.504090907
8.708421218
7.284399325
7.257371803
5.330953291
9.115588252
6.611755918
8.698535841
5.945618541
7.844857974
5.456042407
4.696139828
6.598793212
5.52781326
8.062721575
6.872539968
7.365242715
6.578461831
7.230377999
8.13606691
8.142657828
7.222302024
8.28066894
6.252545271
6.751950547
6.723412347
6.198476365
6.704929106
7.546065991
8.51382556
4.595996066
6.400131741
7.315695461
6.160047887
9.086573466
6.766797876
6.501047493
7.1011494
6.141204525
7.318214495
8.324158847
4.964948322
6.710463797
7.864664257
8.150426883
4.621370129
6.095861522
7.932947104
8.419111938
6.372398797
8.561796629
6.887956037
6.98417078
8.460983082
5.160239504
7.911090902
7.427763731
6.693980074
8.032013781
6.828565661
6.708209555
7.031462634
5.702489233
7.281330178
6.045984022
6.850385846
6.947640454
6.584406172
7.159312422
7.601511718
5.744059838
7.091023791
6.973520294
6.805077943
6.495059665
7.860026769
7.091689114
7.761780242
6.515683338
7.811778751
7.350285077
8.243485303
6.544756878
6.338758115
7.555095571
5.567667216
5.590037495
4.347851966
8.291286244
7.349362924
7.542399502
7.655534462
6.021413188
5.652291126
6.334296043
6.138456661
5.539286519
7.937850728
7.145445356
8.114001386
7.112154127
8.10641716
6.220987362
7.550648511
7.208567965
7.617260642
7.39163972
6.426440694
6.540484451
6.354214252
7.493603632
7.19915619
5.441100447
4.290193826
7.624824352
6.99004611
9.044253195
6.262020744
7.197980571
5.596535837
6.695281011
6.341483733
9.458466363
8.994340536
7.459029642
8.167257906
6.40881853
5.481830335
6.812797156
5.847422997
8.073235752
9.067015091
8.451354903
7.741792788
7.695977026
7.066190381
7.864482284
5.994692018
7.433211707
7.586326004
8.409296295
6.973450286
6.009883204
7.536445204
7.434332176
8.368912846
6.254684423
7.600079861
8.563584453
7.575107074
8.065218843
7.728127007
6.137134572
6.543319113
7.463829891
5.887910668
6.920656535
6.594555343
7.78776442
7.424439137
5.278282131
6.974916493
7.123989663
5.167324385
7.700597346
8.171204681
7.434268576
7.06914872
7.685292055
7.906097999
8.004989583
8.170605213
6.248574073
8.802044047
5.736983352
6.697002821
6.741321909
5.755817808
7.679306124
7.698070337
6.473487358
6.547357282
4.946874791
5.679461819
6.229965287
4.675286127
5.889162188
7.577655975
7.73860842
6.273771049
8.297225256
7.513249158
8.574282238
8.342808203
6.939158712
7.439755516
5.187313979
5.799201196
8.026969038
7.545896921
6.870963691
6.151416285
6.269461559
8.512698471
6.303023843
5.210848294
6.225801975
6.544943902
6.87922624
8.157378891
7.440832318
4.891429666
6.612386211
8.691406617
7.356114505
6.546822456
5.668122841
6.455829823
6.609567161
5.332060289
7.662028015
5.859494341
5.98569242
5.976776613
5.849575569
6.679597943
6.951617257
7.214152222
9.46718066
8.101142651
9.654555761
7.880314033
7.390197491
6.031215138
7.817517771
6.946618149
7.027626839
6.278178093
7.592488418
7.932589428
5.809245851
6.058563107
7.606218178
6.525679549
6.762292739
7.790399376
7.475893327
6.832220863
6.0176939
7.166149036
7.211582711
5.705233513
7.080329021
6.074014508
5.60075524
7.360601848
6.442186822
6.713386226
6.04232838
9.802010414
7.058340475
7.585177714
5.955308381
8.839164028
6.309588608
7.718658025
7.276102286
7.683450306
7.555253094
6.5851681
7.039707564
7.227793179
6.728146141
7.55361501
7.017644669
8.002862631
8.475151526
6.853548682
6.906675287
7.321193643
7.34281991
7.626221606
6.896913561
6.392023266
7.310950344
7.681141173
5.345303337
7.607406817
7.672171953
7.222545956
5.870970801
6.997699538
8.111956976
6.250587876
6.633718839
6.100990731
7.155824839
7.36986965
7.175769541
6.704845785
6.622449677
5.469354825
7.248287754
7.831781332
7.42352677
6.286928355
7.518133849
7.45446456
7.14637679
6.978865478
8.522705293
7.383852503
7.798627625
8.432092837
6.723680569
7.859604452
6.5900353
5.470122703
6.077988865
8.271405144
7.609961509
6.566399296
6.134192933
6.41686771
8.561687059
5.575816267
7.252915778
6.924672834
6.8201874
6.29647314
6.025570211
6.46266541
8.385028696
5.164151599
6.7603218
8.940145882
6.60679465
7.795138242
7.415055719
6.582998318
6.829266648
6.291818148
7.522803799
7.393212138
7.6819339
8.747066092
7.018083429
8.225442732
8.19300677
7.285191879
7.560199123
8.017914452
8.995983689
7.96045754
7.619312876
8.824855567
6.211783186
5.666756834
6.740965492
4.683749947
8.126458145
6.765692399
6.467064994
8.430838923
6.921320356
6.229591316
7.714890984
6.673699291
7.025530482
7.536935464
8.258215468
5.87001334
8.216386576
6.424496498
6.69441996
7.321780294
6.976326471
5.929531324
8.327143224
6.182282849
6.13548984
8.345119881
7.397915472
5.698131456
7.195246196
7.065434331
7.25024055
4.839427216
5.828072176
7.242866046
6.348261153
6.881173647
6.654807338
7.279934744
7.440332072
8.0147891
6.450724917
5.27954936
9.295571016
6.628832233
9.054827004
6.185129254
7.280337335
5.275145433
8.044295875
6.75249135
8.223379925
7.343027767
7.287303779
6.544099249
6.105253614
6.791657259
6.262380423
6.04304029
8.289084856
5.829254933
4.780167701
7.407572442
8.458903003
8.139139402
7.605601991
6.955933932
7.519222866
5.457161866
7.290158076
6.504768563
7.162307155
6.595070393
6.170817028
8.140274546
8.032969243
5.488894386
8.382505409
6.133704185
7.537522483
5.369282474
7.565890631
7.214831154
5.958069865
7.703687929
6.723928726
8.440726153
7.790208189
7.942857914
6.872379547
7.308749229
6.98124786
5.548906181
8.164426112
6.848702994
4.491346745
7.012554224
5.458789378
4.425959447
7.127218728
6.595682679
5.048127846
6.966071816
7.797824782
5.914892235
5.652974236
8.375708139
6.415312421
7.311906519
7.304050833
6.077795397
6.771015066
6.538110935
7.222729656
6.860474642
5.774408721
7.36332731
8.124571089
7.683993273
4.836090778
7.778375217
6.312252808
6.137356228
6.576762661
4.80508098
7.130143864
6.792336104
